0.79591	-16.6852
-1.40431	-2.63602
1.4248	-1.16708
-1.91461	-3.84561
1.90743	-6.07643
-5.43659	-4.68953
-2.07118	-3.59471
-5.94612	-4.29565
1.52694	-3.10005
2.40891	-3.63883
-1.00316	-6.54343
3.34041	-3.77889
2.03817	-6.48255
0.965432	-4.82606
3.81027	-2.96088
-5.85162	-13.6102
-12.505	-21.175
-15.449	-15.6932
-9.94333	-23.6483
-11.7689	-21.3619
-10.0999	-20.5608
-8.18807	-22.0735
-8.6841	-20.179
-2.76727	-19.3839
0.502141	-12.893
0.235431	-14.1451
0.539742	-14.5025
2.41096	-15.1393
3.08124	-15.1485
3.75957	-15.537
6.40639	-16.3576
6.33368	-15.9131
7.33733	-16.2453
7.05432	-16.1037
8.61327	-16.886
8.20303	-18.7002
4.37202	-10.9532
0.510568	-16.2193
1.43745	-21.1944
0.955271	-23.8625
0.755698	-26.022
1.31813	-28.8134
1.00223	-30.4071
-1.74709	-28.9277
-1.51765	-28.2775
-3.03937	-26.2274
-2.30016	-26.9768
1.91254	-14.313
0.578777	-24.4022
1.15017	-28.7167
-0.733593	-27.9892
-3.36293	-27.1197
-4.5439	-26.3163
-4.86501	-26.5735
-4.20076	-25.5521
-4.04735	-26.1437
-2.40334	-27.8833
4.75181	-27.5576
3.65073	-20.0257
0.952103	-16.3016
-1.42653	-18.054
-0.0709869	-22.5892
-0.199897	-22.3116
-0.199124	-22.9461
0.903032	-22.5333
3.24531	-24.17
2.60618	-22.8967
3.42583	-17.8095
1.1642	-12.3938
-0.00358631	-14.6824
-1.11911	-13.2497
-1.92762	-14.337
-1.22312	-15.8308
-1.75935	-17.7963
-1.6152	-20.9114
-3.8849	-19.7058
-3.99004	-19.4592
-6.13411	-11.1702
-6.50454	-10.1252
-3.51701	-10.7378
-2.29002	-16.5969
-3.7683	-16.349
-4.28152	-18.5536
-4.12918	-20.0938
-5.87428	-20.4367
-5.82858	-21.3801
-3.30425	-23.8066
-1.8291	-24.9035
-0.890716	-22.6309
0.627742	-22.3576
-4.19691	-18.5262
-4.3308	-13.1052
-3.42527	-15.0022
-7.21087	-11.9743
-7.78418	-8.87047
-3.43548	-9.32588
2.268	-10.7064
1.85684	-2.03635
-4.34079	-6.13342
-11.3089	-5.08511
-4.20579	-2.57047
4.77994	-4.89639
-2.96103	-8.86887
-0.84318	-13.836
4.23501	-7.6146
2.69271	-18.7262
2.5194	-18.0743
2.08983	-15.8605
-2.29172	-15.45
-3.39793	-14.8251
0.844212	-17.8481
2.69826	-21.0476
1.37515	-19.7089
-1.19373	-14.1214
-0.651125	-10.5392
1.40483	-11.7565
6.68571	-4.56368
1.56451	-2.62159
-1.6484	-5.28033
-10.8886	-11.516
-10.6685	-4.02462
-11.0107	-2.98978
-8.26248	-2.33845
-16.4714	0.510614
-11.0295	-6.85448
-11.4985	-12.1453
-1.29364	-7.02501
-4.44317	-18.354
3.27523	-9.73628
2.89812	-7.62732
4.37046	-7.98984
2.5265	-5.9221
5.00529	-3.53809
2.08236	-0.905554
7.5406	-1.94153
6.36827	4.44699
2.50881	-0.210489
-0.343786	-8.60818
4.19442	-10.1564
1.0621	-20.4603
5.11009	-15.4508
5.56615	-7.28397
0.291123	-5.67113
-3.73471	-14.4388
-1.60385	-22.9639
-5.31864	-21.1392
-4.72298	-21.8545
-3.97626	-22.489
-2.18783	-22.5665
-2.92423	-21.6162
-6.57403	-17.8564
-7.93321	-14.2221
-8.59249	-9.89449
-9.19753	-6.04074
-7.02422	-3.36426
-9.80988	-0.16182
-11.1661	2.54694
-12.138	1.15139
-13.0434	0.0341373
-15.2272	-1.90734
-8.2297	0.893322
0.775086	-4.80311
0.487513	-2.37888
-3.13783	-7.42307
2.62481	-2.44525
5.01002	-5.17644
3.78062	3.33505
4.47843	3.01
2.43428	-6.27494
4.81666	-10.9456
3.43952	-6.11284
3.38743	-12.3947
11.0259	-6.92379
7.46634	-12.0284
3.38982	-17.793
-5.97982	-18.5062
-7.50487	-12.8945
-5.6056	-10.321
-5.3124	-4.99884
-2.65788	1.44261
-8.4417	-1.79894
-4.87282	-1.74035
-10.5872	4.48198
-6.18281	0.247616
1.5661	3.51733
-3.02653	-0.0727245
-2.56974	3.93709
-3.384	6.34079
1.97782	6.53298
1.82888	4.86857
4.40623	5.4503
3.91421	3.46707
2.94311	6.37694
4.19463	-0.578882
1.94701	-4.22651
3.0555	-6.40546
-2.79155	-3.26218
0.350549	1.04216
5.26234	-2.13632
2.28256	-2.37003
-0.850875	-7.3361
-1.80353	-4.93487
3.66184	-1.81396
-1.57623	-4.98566
2.23343	-1.84618
-0.789036	-2.07084
-2.63358	-7.04057
0.32495	-1.46875
2.43876	-2.89352
3.30129	-0.439402
1.75684	-6.50204
2.43545	-8.19195
5.19395	-8.77825
1.10828	-9.32735
4.0021	-5.03171
4.23843	-3.59558
3.66391	-0.186588
-7.32033	-16.828
-3.72164	-18.2963
0.441458	-21.8888
-5.64618	-19.3599
-3.35067	-12.6313
-5.79634	-4.37321
-5.25523	-8.23805
-4.84527	-12.8566
-5.97227	-15.8406
-6.41522	-16.401
-6.37415	-18.5573
-4.25829	-20.9939
-4.52961	-21.5672
-3.2212	-23.0015
-2.05935	-24.9533
-1.6126	-26.9747
-1.03409	-27.6779
0.102993	-27.9417
2.80304	-28.8557
4.33819	-27.398
3.56835	-27.2389
3.46849	-27.3852
2.69634	-26.2047
-0.149811	-26.4407
-1.40516	-27.0657
-2.37882	-27.3153
-2.70699	-28.133
-3.3865	-26.9666
-4.35215	-21.243
-6.60326	-15.2713
-10.3622	-10.5807
-14.4459	-7.94351
-15.4364	-8.43861
-16.7364	-10.3687
-13.3497	-12.6246
-6.26919	-14.984
-4.33571	-11.9893
-2.36296	0.358275
0.913734	-8.55792
-4.18477	-9.83961
-1.96688	-10.3861
-3.74864	-6.80475
-1.9368	-12.2188
-0.0895383	-17.0466
-0.762352	-19.3657
-1.70297	-19.0904
-3.45286	-20.2561
-4.63031	-20.1295
-4.2991	-20.1522
-5.70693	-17.8632
-5.55575	-14.6684
-5.807	-13.209
-5.84714	-10.8165
-6.03851	-8.6887
-5.24436	-9.02401
-4.71545	-9.42914
-5.25804	-8.65248
-5.23641	-8.97204
-4.86538	-9.99287
-4.34221	-12.5596
2.34946	-16.8538
8.54033	-15.4509
6.81327	-16.1461
8.50017	-16.3086
8.49388	-18.3575
8.50277	-17.3489
9.58675	-18.1004
-0.434579	-13.1433
-0.921235	-12.4371
0.48761	-15.884
1.55632	-17.8453
5.1763	-19.0667
6.83083	-17.8871
6.61229	-19.9102
5.17637	-20.3866
5.32975	-22.2656
0.0911604	-18.1798
0.253229	-17.9121
4.6071	-15.1979
6.32538	-17.6377
0.275713	-13.9924
0.876708	-11.6686
4.90682	-9.05413
4.7373	-10.0053
-2.11839	-16.4616
-1.26668	-16.3965
0.565485	-17.28
2.08147	-21.5404
-0.928351	-17.813
-1.84774	-15.7708
-0.564782	-17.9644
-5.30309	-13.0672
3.55589	-6.73307
3.27909	-5.57081
0.539547	-7.06457
5.09041	-8.30563
0.48154	-11.5531
-0.638784	-12.8944
5.99194	-8.40331
-5.04386	-10.7627
-7.55605	-8.88421
-8.61878	-9.11705
-8.32602	-9.40232
-6.28466	-9.26001
-2.56804	-5.66647
5.33393	-2.88392
5.23412	-13.3797
3.58536	-7.93628
-5.56272	-16.1943
-4.82228	-14.9565
0.745909	-7.19317
4.23719	-5.85071
-1.42302	-12.4734
-7.10792	-9.15209
-1.30471	-17.0606
-10.3527	-7.84208
-2.8589	-13.9243
-5.71928	-8.85592
-4.96187	-1.78442
-8.15496	-5.10893
-10.0157	-3.23048
-12.5986	-4.60287
-13.057	-8.62372
-14.022	-2.87941
-9.21751	-11.1562
-8.03487	-9.78767
-5.90288	-6.2391
-1.11946	-13.2163
-8.46441	-15.0749
-0.953979	-18.7701
-4.66225	-13.8048
-2.48602	-16.827
-6.40227	-14.2718
-3.46786	-10.1108
-5.05825	-1.83334
-4.47901	-1.68862
-4.71255	-8.36115
-5.9542	-9.69995
2.0353	-7.4138
-3.96847	-8.81662
-6.08504	-8.35889
-5.79205	-5.26659
2.57364	-10.2741
0.148258	-12.6079
0.105713	-12.3027
-2.51442	-11.2146
-0.499273	-11.6068
3.24277	-13.0966
4.54371	-19.7999
7.21136	-21.665
7.15919	-20.8213
4.75658	-22.7834
1.91769	-20.6395
-3.7037	-17.8575
-9.81554	-15.6514
-10.4172	-14.3951
-6.47269	-18.905
1.26116	-18.7352
0.433447	-17.6178
4.11004	-20.2151
3.68152	-18.1459
2.48143	-16.5028
4.65166	-16.2588
2.7613	-8.19277
1.7024	-8.85493
5.2844	-9.55234
2.29892	-7.76582
4.25681	-4.15317
-4.86505	-9.74376
-2.92367	-10.7005
3.25873	0.420723
0.121166	3.4964
-4.73296	-10.6165
-8.80505	-15.6562
-8.57574	-15.0778
-2.84809	-11.7823
1.7237	-1.5949
3.83083	1.0475
-2.69186	-1.64129
-2.54046	-10.4962
-5.09418	-5.61463
-2.10591	-3.18361
1.27371	-1.70169
1.36378	-5.8783
1.44175	-12.8094
-0.363399	-14.0425
-8.09586	-15.1349
-2.75975	-12.4646
4.98212	1.77513
1.19633	-6.83818
-2.28968	-10.0549
-1.04382	-9.482
-2.36154	-8.16232
-1.1274	-8.75935
-2.36765	-6.53916
-1.92509	-7.17725
-2.83536	-7.28061
-1.95018	-8.43165
-0.593376	-10.7995
6.13132	-17.0535
5.06986	-18.6292
3.46	-16.3939
4.36489	-12.1664
2.95694	-11.4313
0.897784	-12.8358
0.811124	-11.8005
2.01458	-15.7093
0.496692	-15.9069
1.8052	-8.83421
5.24123	-5.88917
8.13678	-3.52619
5.88453	-4.03291
6.08726	-4.41751
3.1566	-1.99509
1.86781	-3.12247
4.21637	-5.30605
-0.345121	-7.84436
3.35359	-1.55534
1.95958	-2.61305
-1.19506	-3.61872
0.318613	-6.55859
-0.209329	-5.40536
0.837001	-4.70389
-1.10679	-3.14476
-2.12299	-17.9739
-2.35997	-18.9771
-1.84297	-25.9465
-2.56908	-25.056
-1.04693	-23.4291
-4.14729	-19.0335
-2.23791	-16.4755
-0.0233321	-5.68043
-1.20835	-4.5729
-1.14523	-4.89291
-7.09406	-8.5296
-5.41356	-3.62185
-1.66112	-9.16535
-7.79301	-5.60382
-5.74028	-4.61711
-3.02738	-9.28565
-3.71512	-4.07493
0.578563	-1.90971
-1.24708	0.12009
-2.71811	-3.21494
-7.46217	-11.8663
-10.777	-9.89893
-11.4394	-9.13594
-10.4044	-9.51213
-11.37	-9.52847
-11.7555	-7.52318
-9.4806	-10.8593
-7.39511	-12.4657
-4.71263	5.44913
-4.7066	-1.63679
-2.08759	2.8667
-12.5889	-5.94086
-5.04768	-3.09331
-0.194743	-4.21679
-6.49828	-16.4954
-2.24759	-19.8258
2.35061	-22.3188
1.36627	-16.2785
5.21635	-12.3198
9.47868	-18.4025
5.66337	-16.8754
7.22192	-15.2023
4.80208	-13.3403
0.852757	-11.3866
1.52352	-10.2623
0.328831	-8.02416
-2.85488	-12.5732
-4.47613	-12.6468
-5.24552	-12.0569
-7.91077	-9.63998
-7.66648	-9.94652
-8.66391	-7.67246
-9.43943	-6.00264
-3.94062	-4.30842
2.06366	-4.61225
-1.9218	-1.64648
-3.23711	-8.38424
-17.1693	-4.49899
-0.102063	-7.29969
-9.56011	-20.893
-8.9806	-20.5752
-10.295	-19.2154
-9.33815	-14.9186
-9.31469	-11.9012
-9.95192	-10.228
-6.54676	-9.62614
-5.64738	-6.51075
-3.99003	-3.31
6.84158	-1.53921
4.43016	-2.49347
4.83406	-5.88799
-1.03805	-9.97114
0.148657	-10.0232
0.174677	-13.1638
-2.5922	-17.3238
2.6085	-20.4492
3.76795	-15.1683
6.08997	-20.3884
1.07498	-23.4722
0.472132	-24.8485
1.38842	-25.1981
1.19909	-25.7192
2.09983	-24.2077
2.49609	-17.9831
-0.300731	-9.09206
-4.96049	-4.04785
-4.91361	-7.2225
-8.61486	-9.13514
-11.301	-8.21733
-10.9002	-12.8539
-14.5149	-10.1017
-10.9469	-9.43153
-9.12015	-10.0535
-4.88216	-13.3883
-0.0572825	-17.3452
1.35689	-0.952069
6.7325	-10.5222
-0.65416	-8.22102
3.55582	-3.64524
2.82695	-8.72252
-5.41048	-12.3881
-4.75402	-14.0757
-3.89475	-15.9681
-0.940445	-18.562
-0.41461	-20.8651
0.594148	-23.0231
0.864709	-25.0494
1.08467	-27.8344
0.807019	-26.6189
-0.476171	-23.6413
-1.04208	-20.5583
-1.47397	-18.1674
3.65246	-18.1251
4.49989	-18.028
5.88739	-21.0276
6.47493	-21.5182
5.01145	-19.9691
3.92092	-20.0959
3.47788	-18.2281
4.26825	-14.1191
1.60374	-13.976
3.51173	-17.364
1.58289	-14.1488
-0.419109	-8.61366
5.85049	2.2665
-9.91967	-3.40237
-8.1501	-8.74382
-11.4027	-8.02145
-11.9343	4.58428
-13.3751	0.676262
-17.0718	0.463542
-7.15413	5.31469
-15.3531	-5.33796
-10.1583	-4.95383
-1.00789	-2.61969
3.80465	-0.581525
1.99047	-1.41593
-3.75858	-4.46942
-5.27204	-3.97197
-3.6626	-5.23976
-3.54768	-3.82165
-3.68286	-6.06314
-5.19993	-3.3407
-3.53931	-6.91309
-0.192501	-5.7596
-1.53035	-4.83623
-0.714786	-3.31838
-3.61412	-0.104203
-5.09967	-0.818291
-2.24618	-4.36997
0.48534	0.131042
-0.835979	2.81762
3.67163	1.46972
3.88437	3.57768
4.25017	4.52205
9.51332	-5.54808
-0.550063	-2.76215
2.30615	-1.91736
4.56367	-3.6759
-1.523	-4.2318
3.76868	-4.35337
2.62518	-4.45371
3.82716	-2.75148
1.44904	-2.40276
0.589875	-7.11354
2.70926	-3.00477
-1.11537	-6.82964
-0.527043	-3.23762
0.832499	-5.98621
2.85945	-5.31041
1.7002	-5.23157
-3.6509	-7.91067
3.99037	-2.02736
11.3577	0.282856
7.10332	-10.7936
1.51857	-12.374
4.16428	-14.8055
5.7653	-16.5962
5.66948	-12.999
2.95865	-8.84064
2.37156	-10.2877
9.70048	-19.7888
7.53403	-25.3604
10.0763	-22.1719
9.1537	-20.74
4.82078	-18.4303
-0.918007	-13.4816
2.96986	-14.9995
2.53349	-6.0117
1.98508	-3.0849
-0.158798	-2.35712
-7.02314	-10.3901
-6.23121	-6.62442
-8.65458	-6.52127
-11.7365	-12.0446
-9.34221	-10.6843
-7.81968	-11.8554
-9.32749	-14.6742
-2.09469	-18.5087
1.96625	-22.8337
1.83624	-26.9519
0.158477	-25.6118
1.79398	-26.3462
1.34716	-26.1692
0.595288	-26.4635
1.24901	-27.8937
1.15246	-26.3388
0.510553	-24.7568
0.782312	-21.2169
4.15041	-17.3382
3.63667	-16.5972
4.38858	-20.2229
2.80773	-21.2515
2.74342	-19.9869
4.8292	-20.6733
2.94725	-20.6685
0.589211	-22.3382
2.01904	-23.6053
-2.77747	-18.1508
-2.86751	-13.5721
-3.00071	-14.6973
-5.22969	-10.1259
-2.21209	-7.33584
2.14632	-14.633
0.660453	-16.1227
3.48487	-11.4343
-5.04719	-7.71949
-5.23983	-4.00372
-8.95778	-5.70607
-5.11994	-15.8364
-3.40651	-19.7171
-4.52211	-18.3054
-3.64724	-15.5462
-3.00983	-14.0276
-3.17532	-11.944
-4.841	-9.75712
-6.71918	-7.56994
-10.0685	-6.59515
-5.95747	-11.1
4.05486	1.00917
-3.22318	-12.6998
1.29793	-19.4076
-6.02643	-14.4363
-4.52209	-17.1178
-4.7767	-14.7734
-2.31696	-10.0674
0.59889	-20.935
-0.907299	-25.889
-3.53092	-27.1422
-2.59657	-26.0611
2.5101	-23.2673
4.39831	-27.5497
0.0115946	-15.3729
5.23003	-8.0354
2.41609	-7.75531
2.80518	-15.3996
0.969786	-13.4517
-3.27372	-22.9937
1.17609	-14.385
-0.841475	-15.8992
-3.56408	-12.8245
-4.05496	-10.993
-4.99569	-9.39501
-6.71342	-9.90274
-0.240264	-16.2272
6.37874	-13.9127
5.53415	-13.0322
5.76855	-13.7161
4.85863	-14.8894
4.58657	-17.0173
2.80224	-15.894
2.97255	-15.9025
-2.13325	-15.2232
-4.16857	-19.4984
-5.98574	-19.6617
-8.10067	-16.6468
-6.74884	-17.2094
-7.93004	-14.5743
-3.93883	-14.151
2.11437	-13.2752
6.80489	-15.3757
8.09453	-18.4322
4.08302	-15.7756
2.78814	-12.8661
1.39391	-10.9222
4.15601	-10.8851
6.73254	-12.4265
5.78205	-7.24097
9.98483	-0.996325
7.00023	-2.52557
9.35136	-5.51348
3.81702	-9.61734
7.79358	-8.62444
-2.95986	-0.55641
-11.0942	-10.6359
-4.86371	-13.301
-1.64211	-16.0738
0.0986004	-24.1639
0.128331	-26.8242
3.72576	-30.4329
1.99556	-29.9923
2.66922	-30.3012
2.44962	-26.517
2.49762	-20.4405
7.48422	-9.76579
4.00492	-10.1962
-0.3218	-15.5786
0.60363	-17.712
-1.70783	-11.1545
1.57961	-8.57675
-1.92049	-13.0162
1.62262	-7.53074
-5.59452	-13.0575
-3.39089	-14.1372
-4.29162	-12.7153
-0.852067	-16.475
-5.70589	-15.7714
-2.8501	-17.7578
-1.5143	-18.7486
-2.10321	-17.1629
-6.91694	-11.2927
-10.8532	-10.6449
-2.09595	-9.25694
-4.55905	-7.7283
-11.6988	-11.4133
-5.50332	-6.83403
-5.66076	-4.09663
-11.6639	-8.85714
-8.25641	-10.9864
-2.13819	-5.03432
-4.72316	-9.70713
-7.02927	-7.89704
-4.22219	-1.11179
-5.63218	1.52433
-4.46571	-0.076166
-9.6842	-11.0397
-6.43717	-6.93038
2.70229	-16.1536
9.16306	-7.00122
3.10708	-5.70134
10.9454	-9.10121
-2.32268	-13.6292
-3.66362	-17.4898
-7.90607	-13.2322
-10.9072	-11.039
-12.6971	-8.63907
-16.1449	-6.11615
-16.7289	-4.39398
-11.2557	-10.6528
-11.7681	-10.6673
-12.446	-10.9632
-13.6588	-10.4014
-13.2798	-8.3869
-13.8705	-7.04422
-12.8911	-5.09091
-10.5802	-4.1501
-7.22865	-4.38267
-7.72057	-7.3268
-7.45686	-1.02666
-6.01115	-5.62221
-4.15212	-4.94447
-3.58593	-3.44416
-4.18767	-5.90665
-3.13677	-7.34524
-2.5902	-11.9219
0.133149	-14.1415
-2.10362	-14.4286
-1.66605	-4.02433
-3.56344	-5.12657
-6.50664	-6.08088
-3.90681	-1.22242
-4.65088	-2.26701
-3.91601	-7.77341
0.297215	-4.46538
-2.57448	-2.76381
-3.66073	-5.09257
-4.24176	-5.02162
-1.74964	-3.49232
-9.48317	-6.4804
-11.3753	-4.68424
-7.50453	-11.5439
-7.1393	-2.65866
-12.9883	-4.05387
-7.36759	-5.58165
-12.271	-1.55728
-9.96511	-1.55519
-12.0251	-7.85128
-12.7332	-9.53445
-12.7637	-5.44394
-7.78227	-2.36547
-7.12161	-3.28871
-7.36083	-2.82067
-5.7065	0.638835
-1.00842	1.65283
-4.82326	-1.39881
2.60046	-4.09668
-2.11038	-10.7421
1.74124	0.374323
-0.927464	-5.6806
-1.59962	-7.94842
2.4041	-4.60816
0.764685	-3.45499
0.250012	-4.82246
1.3178	-2.30386
-2.50182	-1.68271
-1.21155	-4.54096
-5.24742	-1.7079
0.0320201	-8.28921
1.00253	-4.85394
1.17961	2.10172
4.5965	-3.55984
-0.713	0.811844
0.085308	-2.63759
0.257329	-7.70522
1.60997	-0.781185
3.02466	-2.01777
6.31635	-6.35716
0.637394	-13.9922
4.06245	-14.2194
-0.883709	-4.16119
-5.03161	-5.83526
-1.38865	-10.6162
-5.05992	-10.96
-7.85578	-9.76538
-10.3375	-7.12869
-9.91779	-8.47732
-12.3986	-6.35822
-11.0519	-6.615
-5.39562	-12.3679
-2.24171	-4.42599
3.21959	-2.85556
-1.95975	-2.1504
1.50597	-3.89725
-0.374458	-3.22204
-4.61565	-1.08267
-4.54012	-3.45472
-2.08699	-3.57884
-0.842019	-3.37385
-0.586935	-6.15299
-7.95237	-6.19358
-9.43911	-7.39028
-10.2443	-3.86615
-8.63344	-3.43582
-5.25138	-5.20194
-2.4871	-9.24389
-0.799254	-11.374
-1.94645	-9.79257
2.03073	-14.4161
0.277737	-12.5363
0.588282	-14.0963
-2.8298	-14.8492
2.60714	-17.0524
-3.85311	-13.363
-3.76867	-15.2474
-4.23855	-12.1035
-6.50091	-8.60152
-5.90734	-7.95047
-9.85257	-6.8216
-4.83352	-8.8982
-7.46021	-8.49515
-8.5009	-2.74744
-9.19552	-6.3837
-7.67535	-8.28332
-11.0017	-6.55246
-10.3066	-8.85783
-11.2762	-7.33174
-11.5856	-8.19862
-8.39	-12.8268
-8.29415	-13.7135
-6.35532	-11.2227
-2.34525	-4.89018
-7.75802	-2.40482
-7.502	-3.07097
-16.4263	-0.130671
-14.0889	-3.97168
-7.21631	1.47512
-9.38954	3.44524
-5.11376	-4.32984
-9.44203	-6.37722
-8.91213	-5.43609
-4.95609	-6.01976
0.600268	-4.62685
0.418952	-1.09296
-8.72065	-3.71862
3.21728	-6.38745
-3.25792	-15.0824
4.02828	-20.6869
2.38044	-19.2299
0.1088	-19.9179
-0.0151434	-19.6526
-0.0167408	-21.4928
-3.52521	-19.0527
-6.33287	-17.2279
-7.68626	-16.4323
-7.91638	-18.6404
-8.2802	-16.3061
-7.14607	-15.0273
-5.15933	-19.271
-4.63768	-17.2706
-2.82717	-14.4571
-3.13038	-8.6125
-4.08358	-9.67227
-4.64784	-11.9104
-1.15841	-12.3698
1.28922	-16.5216
1.66561	-14.1278
0.922111	-9.82073
-2.43795	-11.6656
-2.42149	-8.09626
-7.23442	-7.82588
-8.58592	-9.16473
-10.783	-6.91355
-11.1383	-5.30467
-9.03421	-7.50407
-7.29711	-9.986
-11.3834	-7.89579
-10.8264	-9.10454
-16.2019	-10.4535
-17.9449	-14.511
-13.4568	-17.6864
-14.7145	-12.4765
-12.0506	-13.5898
-13.8745	-19.133
-11.9003	-18.5186
-15.1971	-23.7228
-17.5687	-13.9942
-15.0529	-9.17559
-10.4888	-8.57088
-6.14425	-7.24095
-0.0109682	-9.23702
1.88825	-12.6676
1.26499	-16.2875
4.8554	-24.0418
4.36098	-14.4751
0.200856	-12.0458
-1.82731	-8.86584
-2.17027	-9.35975
-2.11897	-8.02395
-0.177335	-15.0842
1.47944	-19.9799
1.23546	-22.4405
2.15006	-21.9612
3.48527	-20.2075
4.87645	-18.5154
-0.577783	-11.5859
-0.718776	-12.3885
-0.843544	-7.27563
-1.54802	0.202189
4.48581	-1.90413
5.39537	-2.96422
1.42362	-1.29738
1.71051	6.82229
1.53482	1.06356
3.42006	-2.51698
-2.2978	1.48081
-3.85677	0.0607256
-1.41482	-1.06927
-1.56226	-7.57075
4.90234	1.5581
3.72331	-5.51179
2.22787	-5.35819
0.534952	-5.66001
-0.347464	-2.97651
1.30061	-9.57803
3.89867	-2.64136
-1.8014	-4.86628
1.72301	-4.21128
7.36594	-5.12721
3.09618	-3.36304
5.24512	1.3985
3.38689	-6.48329
2.13295	-3.15409
3.57416	-4.14884
3.63097	-4.33591
1.43154	-2.73182
4.84786	2.17883
7.69709	-3.40132
5.60419	-2.43331
6.2418	-5.28339
4.23698	-2.28826
4.6444	-1.95865
6.04581	-3.2651
-1.24354	-7.64194
-7.35211	-15.6497
-3.92398	-4.85639
2.86107	-0.574011
-2.9296	-8.45369
-7.77043	-5.46781
-11.7394	-6.10091
-10.9759	-8.64458
-11.1979	-10.1059
-9.0852	-12.9427
-10.888	-12.4525
-8.88981	-13.3635
-8.22402	-10.354
-6.57029	-10.3082
5.97208	-15.6165
5.37315	-14.471
5.89823	-15.7028
5.68199	-18.6008
4.12765	-19.3071
3.55688	-19.9407
5.05509	-19.265
5.29081	-21.0195
1.49179	-14.1129
-3.16532	-14.8153
-4.96811	-14.3282
-6.03525	-13.8338
-5.11697	-9.23673
-3.2254	-15.7678
-5.45795	-17.4721
-6.48819	-15.091
-6.83253	-12.3964
-6.39614	-10.8503
-6.10358	-9.03781
-6.11693	-9.24611
-7.31201	-7.7839
-8.66204	-8.03481
-10.7411	-7.88362
-11.3495	-8.65525
-8.19117	-8.36721
2.8442	-6.57699
-2.13134	-7.09796
-2.26013	-2.67463
-3.24595	-11.8361
-6.44232	-12.9637
-4.98972	-5.93559
-6.42955	-7.92613
-6.78023	-11.4541
-6.47087	-11.9178
-5.91976	-11.4654
-5.59998	-6.97846
-7.46796	-14.5603
-5.87835	-13.1517
2.27263	-19.4187
-4.25327	-13.0203
-3.84534	-15.7527
-6.81772	-12.9356
-7.74211	-10.2852
-4.86171	-10.0887
-6.57068	-8.95161
-3.74388	-9.57527
-3.24845	-9.17208
-1.64574	-11.745
-3.12606	-7.90843
-6.64203	-6.55431
-9.65651	-7.56388
-4.59469	-11.1558
-9.27256	-11.1418
-2.42971	-8.25004
0.33864	-6.76947
-6.17284	-6.97814
-3.42555	-9.21274
-6.2946	-6.71066
-4.06399	-3.06075
-2.1313	-5.2375
-6.90962	-14.8447
-9.02302	-14.3599
-11.8299	-18.787
0.0665628	-9.58906
-1.8121	-14.0533
4.73568	-11.9791
0.938403	-22.7674
0.241094	-23.5582
0.623837	-19.6349
2.04449	-21.5538
4.53834	-24.4924
6.39793	-25.2652
4.87751	-22.5901
3.93286	-20.2108
3.24623	-17.9519
3.11151	-16.3012
1.77877	-15.3623
1.56115	-17.2834
0.626551	-17.1862
-2.56375	-14.2187
-4.40578	-13.4065
-6.16017	-12.2613
-3.81315	-15.9687
-2.69771	-18.4293
0.534537	-11.0927
0.621792	-6.69845
-2.13191	-2.3839
-4.27789	-6.98802
-11.589	-10.3454
-7.51392	-8.31679
-10.7149	-5.12826
-7.73241	-10.6187
-4.75343	-5.86988
-10.3373	-11.1459
-6.54177	-10.2644
0.530725	-9.14208
7.56775	-10.7073
1.5147	-20.0731
-3.10414	-19.2723
-5.44751	-16.9932
-4.49896	-14.5574
-2.91402	-14.9183
-4.48364	-12.1335
-2.70313	-13.6507
-10.993	-6.00844
-8.84404	-1.57497
-9.58953	-2.76485
-9.35944	-4.67067
-4.30802	-6.79393
2.71891	-10.0936
-0.123262	-8.73931
-3.03546	-10.6433
-0.221564	-5.25083
2.10277	-8.2744
0.463366	-12.5892
1.28755	-10.8657
-3.33588	-12.6081
-3.59521	-15.0592
1.28978	-1.6231
-3.61118	-11.8111
5.14907	-5.77768
-4.6064	-10.0127
-6.98655	-9.98916
-7.0236	-8.16569
-3.12313	-9.88209
-4.36935	-8.36386
-3.34429	-8.84332
-4.419	-6.2398
-3.14319	-8.48835
-1.81934	-11.527
-0.308596	-14.4661
-2.87584	-13.15
-6.38624	-5.51468
-1.61041	-7.0628
-5.61483	-5.41679
-0.548025	-10.0707
1.95922	-17.9466
2.0357	-23.5126
-0.254851	-24.3853
-1.26511	-25.2658
-3.39358	-24.228
-2.32722	-23.2418
-6.34787	-20.6953
-5.15973	-18.3013
0.348795	-22.7045
0.861504	-19.2504
-0.468661	-15.6743
6.97142	-4.76295
0.355957	-3.55226
3.18034	2.44295
-1.95498	-0.469459
3.78634	-8.89222
2.99748	-6.84094
3.42958	-7.23077
0.381768	-11.1409
-0.59826	-6.0848
-1.63481	-2.91957
2.48323	-7.78544
4.45274	-5.94532
1.15125	-7.45185
-6.60967	-14.2419
-5.42453	-11.4567
-8.81056	-12.8554
-9.10495	-11.8343
-5.23251	-10.2332
-2.80512	-12.1314
0.0133061	-14.6745
5.26609	-5.18027
-5.37665	-4.9339
2.77799	-10.2084
-1.86587	-6.95809
4.60315	-3.28342
2.65386	-5.74555
1.71195	-1.6399
2.83905	-6.00555
3.67768	-3.95752
3.13508	-6.21612
2.68732	0.481008
-0.513245	-13.9337
1.15864	-5.00006
1.47568	1.10253
-0.809406	-3.66017
0.111495	-5.0327
0.614628	-7.13763
5.89515	0.277936
4.26644	-3.84522
3.12981	-1.90761
-2.16567	-9.80284
-1.59116	-15.9231
6.13257	-11.0919
9.23585	-7.57979
9.25387	-10.7666
-0.338764	-17.6046
2.02948	-19.9546
1.12733	-22.3082
3.40904	-23.9716
7.79997	-25.7809
10.4511	-22.1616
4.27936	-13.7758
8.75127	-12.1001
3.56587	-11.9642
3.09033	-13.9662
3.94319	-12.5965
-4.29638	-13.5611
-2.68033	-15.9225
4.63517	-22.2321
2.12457	-27.4393
-5.1836	-26.0585
-5.80905	-24.0486
-5.45456	-24.1257
-2.85655	-22.2326
2.23297	-16.6019
0.966135	-7.10836
1.59356	-15.8072
2.73657	-10.8878
1.71358	-13.6831
-0.491072	-8.7358
-5.7981	-11.6176
-3.14657	-9.09786
-2.41697	-14.7618
0.142022	-23.7671
-2.62445	-20.7893
-2.54675	-19.8487
-2.63883	-18.0979
-3.13534	-15.6115
-2.43572	-14.6698
-0.808766	-16.9747
-4.522	-17.1853
-2.83233	-13.5152
-1.70257	-9.22991
3.50577	-4.90119
1.11189	-4.23417
-3.01313	-7.92202
-3.27326	-2.64175
2.90709	-6.90745
5.62994	-16.4137
-0.113027	-14.1754
0.805715	-14.0888
-1.11388	-10.3387
-1.20778	-12.8798
-8.54051	-17.635
-6.81484	-14.1688
-4.67475	-13.6278
-2.49322	-15.2992
1.20772	-15.4293
0.00744845	-13.441
-1.10925	-13.8415
0.318468	-13.1474
0.156814	-12.1066
0.884993	-13.3552
-1.43749	-10.6286
-0.666567	-9.03409
-1.31062	-8.32159
4.1762	-5.85523
-0.806381	1.33921
0.984772	0.37927
-6.24001	-4.41495
-3.77879	-5.53565
-2.22968	-1.64025
-8.69396	-11.1883
-8.18391	-15.4306
1.35121	-11.7788
3.3793	-4.50437
4.29733	-20.1512
3.16165	-26.5703
0.131697	-25.4302
0.285026	-26.6578
-0.0765446	-25.9784
0.74269	-26.5871
0.135207	-28.9277
0.969298	-28.4372
2.68041	-31.5643
1.44398	-29.7035
1.61691	-28.8197
0.905817	-28.9552
0.0677196	-28.3782
-0.782461	-28.0604
-1.3681	-26.4305
-1.23411	-26.0728
-2.44971	-24.5822
-1.3188	-22.9496
-1.12697	-20.855
-0.422049	-16.9331
1.41022	-13.6346
7.09694	-19.4668
9.55783	-24.7725
8.34064	-22.4355
6.22286	-17.9398
7.42795	-18.9809
6.8724	-18.8298
8.15137	-19.1683
8.5436	-20.5467
9.47387	-19.0959
8.51191	-17.4606
8.61007	-18.5246
8.8185	-19.4955
0.93816	-14.831
-0.882403	-17.1084
0.465876	-18.8889
-0.906643	-16.2161
-1.35233	-16.3058
-2.62736	-15.1387
-3.16105	-14.8903
-3.60468	-12.414
-2.39879	-13.7874
-3.27548	-7.92938
-3.2044	-1.68492
4.89405	-0.933229
3.69125	-5.96588
0.953277	-7.22226
5.01081	-13.8214
4.68037	-18.0542
4.70113	-21.5018
4.60441	-24.1467
5.50137	-24.266
4.69748	-23.45
3.14575	-16.2393
-7.64042	-7.67017
-4.59369	-9.47262
-3.8614	-10.9346
-1.42917	-14.5011
-4.22336	-14.3438
-9.58634	-10.3945
-11.1702	-10.452
-13.7597	-8.17486
-13.185	-9.58762
-12.7141	-11.2373
-12.3557	-11.8089
-12.0516	-11.0034
-11.9769	-9.39715
-9.98531	-8.71234
-7.81184	-6.68036
-7.13522	-5.88735
-7.04271	-7.43287
-7.10812	-9.74022
-7.84923	-11.6067
-8.93711	-11.8157
-8.88233	-11.2587
-9.14084	-10.9511
-8.55401	-11.0119
-7.99674	-11.2833
-6.43146	-12.151
-7.42956	-8.5191
-7.02274	-7.83145
-4.64905	-10.1443
-4.95005	-5.86235
-6.01659	-4.50324
-8.09689	-3.79736
-8.83809	0.445927
-2.50276	-2.59243
-6.55884	-6.35801
-5.41772	-3.63813
-1.29688	-11.4379
-1.93534	-7.54967
4.28263	-6.69124
0.902176	-3.86631
-4.82001	-5.64409
-2.53012	-7.71814
-1.76576	-5.69862
-4.26979	-3.88214
-3.1014	-4.55701
-3.07691	-3.99514
-1.04555	-4.79141
-0.630253	-4.56096
-1.99709	-3.75383
6.22863	-2.9863
3.58353	-4.26359
9.84532	-1.47286
7.45532	-0.0167914
3.832	1.02291
1.46799	-4.41824
-7.05666	-13.6964
-4.60797	-13.3917
-7.0886	-2.99346
-2.38295	-18.4143
-2.64338	-23.3546
-4.83118	-22.2984
-2.46706	-21.7079
0.499133	-13.896
2.38289	-17.8309
3.49395	-17.2882
4.17439	-17.2569
2.37394	-13.9719
3.44253	-15.1296
1.1961	-12.0516
0.996094	-14.1313
4.6924	-10.4854
0.151265	-7.59984
-0.46494	-3.43335
-5.01813	-2.32115
-8.61365	-3.75194
-10.5933	-5.1519
-2.25104	-3.68131
0.293545	-3.53754
-2.31612	-0.87961
-2.66418	-4.64185
-0.843557	-5.22053
-2.33692	-1.27687
-10.8613	-14.3198
-9.1574	-16.491
-2.75906	-16.7126
-1.98132	-13.6156
-5.24022	-5.65288
-9.11129	-7.25368
-4.82189	-9.43706
-1.19782	-19.5523
-5.44611	-21.3716
-4.4408	-21.6211
-6.7447	-17.2202
-1.34449	-18.0952
-0.310124	-10.411
-4.4475	-4.26362
-12.0747	-6.57417
-10.3586	-2.68215
-12.5648	-14.0201
-13.729	-7.52456
-10.2103	-1.94725
-12.5576	-10.9743
-10.3627	-11.2186
-6.01024	-15.1361
-7.85689	-9.84693
-4.10317	-12.9945
3.75436	-1.89852
-0.156637	-13.1234
-3.12597	-6.90645
3.63017	-10.9805
0.582164	-11.0446
0.320447	-8.09282
-0.225517	-8.45409
5.77206	-7.19948
1.67912	-5.61184
4.51105	-8.24425
1.88673	-16.2894
8.38803	-9.91604
5.42644	-9.8435
7.1904	-16.0996
7.66012	-15.2471
3.00133	-13.5902
2.93495	-11.4236
1.74489	-10.0327
1.27064	-9.01454
-2.52753	-6.16036
1.47931	-11.2109
-1.382	-7.96286
3.36409	-5.81175
6.84621	-1.76046
12.2919	0.669778
11.1457	1.7004
-15.0474	-9.51876
-8.45639	-5.97461
-6.3	3.57964
-7.50837	-0.153817
-12.6577	-9.9203
-12.271	2.56686
-11.3411	-8.96755
-12.8843	-6.16387
-14.3394	-6.72078
-8.0713	-4.58098
-7.8529	-6.42606
-6.79371	-5.16542
-6.89915	0.690515
0.404582	-10.576
-3.50041	-3.86228
0.43784	-1.43053
-0.241141	-1.10163
5.52829	-4.82995
2.78859	0.369762
5.13314	0.472011
-2.29861	-6.01452
-2.16524	-3.70147
1.98011	-7.93733
6.26641	-6.88201
5.08933	-1.69572
2.59126	-6.06188
0.35569	-9.41149
-3.58113	-11.4158
-4.57276	-7.4084
6.896	-5.37797
-1.88441	-4.76049
-0.928006	-5.19553
3.83713	-1.80636
2.51224	-3.01363
1.92724	-4.99909
-0.781571	-4.85039
0.900944	-1.93898
1.84419	-16.7289
4.23617	-13.5199
-2.8313	-9.39475
-4.53984	-13.227
-4.00684	-17.7557
-2.03232	-19.8775
-3.38008	-17.6777
-3.45368	-21.3602
-4.55265	-24.5222
-5.88528	-27.1086
-5.51485	-26.205
-1.6869	-26.5879
-0.133455	-23.5437
0.801884	-21.1515
-1.8349	-14.7995
-3.2053	-9.74305
-1.94001	-9.09223
5.21347	-13.0245
3.07161	-13.1507
2.43003	-9.95631
4.22125	-10.7677
0.618989	-7.11703
-9.4176	-1.71503
-4.81587	-8.41698
-10.2463	-4.32674
-12.1364	-3.35516
-13.6825	-1.38918
-14.2876	-1.36262
-14.353	-2.83672
-11.6862	-3.20114
-1.80989	-1.44288
-1.545	-8.36617
1.16983	-9.38846
-0.317619	-8.0757
0.644847	-8.5284
-4.37445	-6.55716
-5.28059	-6.37474
-7.59084	-11.3735
-10.0882	-16.6714
-0.265503	-4.82244
-7.12699	-4.44646
-12.6791	-4.34825
-14.0894	-2.49199
-13.7507	-2.44486
-12.7951	-3.26125
-11.04	-0.390175
-3.2906	-6.86587
-0.778497	-11.7041
-0.228338	-11.1921
-5.77272	-16.854
-3.88374	-7.4345
-4.85954	-8.07196
-9.11349	-17.5533
-4.46222	-12.858
-7.21502	-9.0295
-9.25205	-7.43583
-7.41134	-7.76424
-9.37109	-6.73265
-9.41432	-6.09316
-9.61688	-4.31014
-8.47212	-5.68974
-5.18381	-11.4066
-6.97878	-10.8922
-5.76472	-13.1497
-4.18137	-13.5656
-3.61176	-13.5081
1.4318	-13.2502
3.84202	-10.6346
5.28594	-10.6873
4.80129	-11.2932
4.20636	-11.5866
3.7534	-11.6372
4.65073	-11.5687
6.36338	-12.9369
3.35769	-9.94401
4.35501	-12.0957
3.07303	-11.6452
2.1275	-12.24
1.00295	-10.0154
-0.424793	-7.46732
-0.946128	-6.51677
-12.2453	-14.9395
-17.3704	-11.0451
-18.2078	-10.5496
-18.7387	-8.44265
-19.2193	-6.86836
-19.8503	-7.0863
-21.6455	-6.66337
-21.4974	-8.21809
-20.8813	-7.82747
-18.206	-9.53396
-11.4232	-10.5408
-5.94926	-11.2834
-2.50474	-6.91377
-1.51941	-8.14177
2.47769	-4.85151
0.249733	-5.45232
1.53966	0.347506
5.69151	-4.69061
1.85389	-5.34964
3.24314	-12.1815
2.09868	-14.4751
2.71054	-18.3868
-0.571015	-19.1425
-3.07779	-17.4123
-5.90503	-15.3506
-7.68022	-13.5184
-12.649	-10.7085
-13.5873	-7.3912
-11.8637	-6.5919
-11.1326	-7.59067
-13.1282	-7.09926
-9.57001	-9.93036
-12.7357	-6.93061
-13.0736	-8.35836
-12.9843	-6.34269
-14.1116	-5.22149
-12.6721	-5.61799
-11.4819	-4.82908
-12.0757	-5.78915
-14.3695	-1.50228
-11.5106	-6.10958
-11.5597	-4.65148
-10.8744	-7.08026
-8.11253	-6.0986
-6.62486	-7.20973
-4.26958	-6.82345
-3.00687	-5.82303
-2.16473	-7.4489
-1.77494	-7.32391
-0.969003	-9.06289
2.60797	-12.2231
4.62398	-14.6528
5.87614	-14.6821
7.39557	-19.1878
7.15499	-17.4868
3.86939	-16.345
4.82015	-17.7652
4.45611	-17.8617
2.70617	-12.1982
-0.400746	-8.32844
1.41335	-10.6461
7.45786	-8.84739
6.1773	-2.09788
1.46109	2.67655
-1.95424	-3.07706
-4.89529	-1.40087
-9.25321	-2.98435
-9.87112	-8.49018
-6.21893	-10.9483
-5.22921	-15.1708
-4.98326	-7.99258
-2.34148	-9.40422
-0.980045	-7.74047
5.18407	-6.52994
-6.92	-16.0389
3.03894	-27.4655
1.20423	-26.3451
-1.32577	-23.4166
-1.37509	-23.1889
1.09033	-23.7319
-6.77574	-15.3604
1.38352	-20.0679
-6.93494	-19.0736
-1.59031	-16.0926
4.56644	-8.22061
0.437102	-6.653
-6.77696	-7.43531
-10.9959	-8.94134
-8.1534	-6.48686
-8.54268	-4.54921
1.26849	-3.25495
6.99786	4.21665
-0.0401364	-13.7646
-2.2623	-8.12631
-2.78691	-8.35405
-1.45934	-11.7725
-4.64804	-11.7465
-9.1971	-5.90559
-0.697453	-13.3006
9.39618	-13.0082
3.18202	-17.6984
-10.4983	-3.96648
-5.98269	-8.19687
-5.81157	-10.2907
-4.0981	-10.1808
-2.40822	-9.48791
-2.5365	-7.67783
-4.44918	-4.89528
-7.51613	-2.04844
-8.62027	-11.4982
-2.53097	-12.0816
-2.55707	-18.1364
0.465276	-13.6539
3.51171	-2.74718
1.88462	-2.96816
-8.53637	-11.9905
-6.6193	-8.23543
-7.38556	-12.1616
-6.64999	-12.599
-7.56575	-8.86531
-8.55593	-11.8652
-6.26825	-18.5349
-3.8368	-13.0532
0.385954	-7.60087
3.87933	-12.1727
0.798682	-20.0039
-1.29798	-23.0482
-1.72431	-20.2129
1.05985	-20.2598
7.14696	-14.1952
4.81332	-7.4098
-0.569199	-9.25681
1.05202	-9.96953
1.84867	-2.20368
-0.576305	-4.05763
1.46201	-3.6842
-1.4707	-12.0515
0.607788	-2.61518
-15.4951	-3.98034
-14.3212	2.64257
-8.9793	-3.66973
-18.9981	-11.2866
-3.60863	-6.77603
-1.4402	1.09661
0.433316	-11.8865
-12.1409	-12.1836
-10.2404	-15.9981
-10.722	-14.06
-9.79627	-14.4025
-6.01146	-15.3991
-2.18622	-17.5648
-4.35712	-13.0608
-4.42786	-15.1426
-2.95029	-17.9211
-1.65909	-14.5034
5.33768	-9.88659
5.18512	-1.84474
4.51173	-4.50026
-18.2743	-14.0611
-14.8167	-8.40451
-4.16732	-13.3654
-1.21354	-8.45053
2.03023	-6.2658
3.73834	-2.89962
9.13998	-3.54091
2.15698	-4.86077
-3.99992	-12.7266
-7.90123	-9.06066
-5.24533	-13.2438
-6.94499	-13.7421
-11.1041	-9.17309
-12.8731	-6.56848
-14.3128	-4.46932
-18.0649	-3.35343
-17.9048	-7.72733
-17.5166	-9.79926
-17.9889	-14.4122
-13.4348	-14.8512
-13.8486	-12.8817
-6.40793	-14.0576
-8.72335	-11.5213
-6.28499	-17.2546
-1.1776	-16.7146
1.61455	-13.8514
2.40971	0.273085
2.66097	-2.22895
0.267902	-7.45634
3.03728	-8.9276
3.96602	-0.87744
2.50391	-10.6074
0.569344	-9.44829
-4.68376	-8.51514
-0.337536	-8.46529
-0.0335024	-5.31399
-2.94257	-10.4459
4.39759	-2.46912
-1.36269	-9.78424
-0.50445	-7.9583
3.13246	-4.18109
-1.23705	-5.45337
-1.38927	-2.26805
0.754676	-7.21759
-3.96979	-4.32575
-0.97313	-4.72682
2.79914	-4.39047
0.539293	-6.28919
-0.433189	-6.34528
0.00143156	-6.01715
-0.635059	-7.28266
-5.51244	-9.18721
-1.1679	-0.888553
-3.32554	-9.86026
-3.5417	-4.99572
-6.37282	-3.7637
-8.88979	-2.20364
-10.1764	-0.75871
-2.60852	-10.5071
-7.84261	-3.91753
-10.0626	-3.6448
-11.6403	-3.81047
-13.2433	-2.75055
-13.4723	-4.37555
-13.1953	-5.072
-12.6337	-5.08601
-11.454	-6.263
-11.6506	-5.62787
-10.2927	-5.04485
-11.2194	-3.94632
-9.685	-3.87708
-7.29114	-5.09995
-4.99879	-6.58576
-2.82203	-9.6853
-1.00939	-12.3181
0.16503	-12.2187
7.48715	-17.98
-0.906346	-14.4469
-0.8087	-10.12
-2.16147	-12.6397
0.660888	-7.98058
2.03982	-9.3084
-5.40258	-4.4887
-10.808	-7.17158
-16.9406	-6.1134
-16.1556	-4.11365
-9.27192	-1.76486
-8.33521	0.619981
-6.08941	-6.23431
-6.77893	-4.58532
-9.35035	-6.30063
-6.24529	-4.06729
-6.16343	1.32181
-6.7046	2.33601
-6.04736	1.07439
-5.50003	-1.96995
-8.80931	1.34034
-6.45829	-2.13076
-6.19283	-0.521603
-5.66614	2.02014
-6.3512	-0.457315
-4.67592	-1.05231
-4.54747	-3.61701
-2.42745	-2.46534
0.805075	-2.7181
2.96693	-7.8909
1.30293	-6.90893
4.39408	-9.93957
2.53861	-13.411
2.39079	-17.0256
-0.792546	-18.0592
0.297765	-23.1359
1.44712	-27.8279
0.730862	-29.3677
-0.514132	-29.0974
0.323625	-31.0335
-0.285767	-30.8431
-0.504972	-29.3146
-0.0259365	-29.4228
0.29696	-27.7398
-0.179139	-26.9631
-0.299862	-26.4892
-1.71276	-25.3621
-2.97921	-26.0854
-2.71594	-25.9699
-2.5241	-27.8973
-1.5276	-27.6682
0.509193	-26.2339
-2.1386	-23.4793
-4.59822	-16.2864
-9.92661	-9.41308
-10.2117	-9.91966
-14.7051	-6.50739
-16.8561	-6.9439
-15.9454	-11.3164
-20.3425	-7.45884
-22.1152	-7.77402
-16.8406	-14.1885
-20.848	-9.56963
-21.7043	-10.8936
-21.0437	-10.9572
-16.575	-11.9183
-7.10488	-8.04395
-2.34534	-9.53867
4.61329	2.89621
5.24031	-4.90956
7.91294	1.9863
1.461	-1.8575
-6.59948	2.01414
-10.2712	-6.60492
-8.23453	-3.91869
-10.9201	-8.32416
-9.87299	-4.98994
-11.0988	-7.84995
-7.17092	-5.95666
-5.22559	-4.83864
0.321131	-5.9678
-1.81121	-5.9607
-4.7103	-5.07776
-1.54229	-8.68446
-1.45897	-10.3904
-1.26444	-10.2895
0.07382	-11.4018
0.647271	-14.5186
0.77356	-14.0328
0.521987	-21.3626
-0.503195	-18.1837
-3.67159	-13.0921
-3.61412	-12.2567
-0.926665	-11.7658
0.518292	-15.0973
4.96719	-7.47237
0.377043	-4.73289
-2.02073	-11.0065
-2.84448	-15.5227
-9.96099	-12.2423
-20.6804	-15.4336
-12.6354	-9.68309
-10.257	-5.00771
-10.8749	-7.96629
-3.57692	1.00781
-6.25973	-8.66856
-10.5422	-8.43014
-10.2349	-8.53961
-1.63235	-13.3499
1.88591	-17.9648
1.31975	-18.3215
0.862515	-17.1152
3.1506	-20.2158
2.63597	-19.6187
1.84409	-17.3369
0.341065	-14.6282
-2.53804	-15.2661
0.761441	-22.0567
-0.431266	-23.5379
0.0116725	-24.0364
-0.739007	-22.1132
1.43662	-21.4664
-1.40683	-20.9588
-1.50563	-20.7868
1.21019	-19.8142
-0.230185	-21.3574
3.78791	-19.4324
4.90349	-16.3996
4.61119	-19.2302
6.88456	-7.55597
4.40797	-15.2369
6.83871	-10.0659
5.86633	-10.0717
2.52443	-10.129
5.62141	-10.9297
-4.91063	-13.9721
0.259943	-5.44833
-3.1975	-6.6394
0.496774	-5.92988
3.96844	-13.127
0.36538	-3.04763
1.22972	-5.40055
1.40732	-3.54783
3.47515	-2.45734
1.50061	-9.38464
-1.17421	-0.905733
-0.342502	-2.55587
-2.78458	-6.99068
-2.94069	-4.06548
1.3375	-3.90368
1.96288	-7.5303
1.63382	-10.616
-1.99335	-3.11849
0.476806	-5.25353
7.61021	-3.94638
6.41352	-1.27828
-1.13545	-14.3846
3.84569	-14.6295
-0.554489	-13.0212
1.32247	-14.101
5.00484	-13.7868
4.97605	-13.4327
0.748651	-15.8563
-4.37166	-14.3633
-9.23823	-10.7837
-9.29253	-9.75738
-9.39357	-11.1653
-8.43231	-11.848
-4.60075	-13.4408
-0.816792	-12.8263
-1.47016	-10.6878
1.1335	-11.7065
2.23588	-16.244
1.2141	-19.0484
2.91287	-25.999
0.744582	-27.2876
0.311669	-26.392
1.28963	-22.748
3.28022	-21.9854
0.673141	-14.0897
1.96893	-9.69822
0.817639	-6.8549
7.75052	-2.61451
9.89492	-0.30996
8.50713	-1.7086
3.2987	-1.73149
5.869	-3.65574
4.28524	-3.37288
-2.05168	-9.01573
-5.9135	-8.46903
-6.08078	-7.63416
-6.61545	-5.35989
-8.02574	-3.05713
-7.33959	-3.50827
-2.58233	-8.4425
-1.43767	-12.3433
4.32863	-9.52765
7.19168	-5.67137
-3.23587	-6.64334
-8.62373	-10.0238
-11.9029	-14.301
-13.6383	-10.9069
-7.8141	-8.64455
-9.85911	-3.31885
-8.52191	-4.98932
-12.9882	-6.55739
-10.2132	-8.6731
-6.28638	-14.8772
-3.3622	-9.9486
4.78608	-12.947
2.35934	-21.678
0.81165	-24.8694
-2.81938	-19.1635
-4.54494	-17.814
-6.99074	-17.124
-7.93337	-16.4033
-8.23843	-14.9312
-8.53059	-13.9136
-8.95383	-13.0949
-9.44853	-11.7519
-8.09705	-11.2514
-8.98699	-10.2832
-8.8692	-9.66569
-7.14853	-10.7145
-8.25787	-9.0292
-6.80819	-10.8145
-8.79591	-7.85622
-10.723	-6.0973
-10.6637	-7.25204
-11.983	-4.68902
-13.2584	-3.99424
-12.0682	-4.99833
-11.6166	-7.80912
-11.8175	-7.32248
-11.6052	-7.45748
-12.3612	-4.53553
-10.4339	-4.47171
-5.18161	-8.77353
-2.04702	-14.3808
-3.52546	-7.7862
-0.470061	-8.33498
3.74307	-7.9501
-3.85914	-7.14309
-4.57151	-2.28843
-2.90167	2.15262
-9.97689	0.027474
-11.1734	-0.43276
-14.037	0.337931
-6.7525	-5.13435
-7.89404	0.898492
-7.77805	-2.62408
-8.70402	-1.51802
-7.31297	-3.89003
-4.0358	-7.91032
-4.41512	-5.59141
-1.39571	-4.3691
-6.32445	-7.16925
-5.01318	-8.6523
-3.96889	-8.8179
-3.11971	-11.2934
-1.02909	-13.0321
6.46623	-14.0979
7.04806	-16.5505
6.11494	-17.6905
7.83144	-19.5524
6.41899	-19.2767
5.8826	-18.8243
5.743	-20.3115
4.99777	-21.632
5.39316	-22.5127
5.60297	-22.9116
4.17436	-26.1917
1.45764	-25.6361
4.75439	-26.9364
5.47484	-20.7536
1.52958	-15.363
-0.165613	-18.114
-1.43991	-23.4923
-1.56654	-25.8871
-2.43546	-27.2898
-1.14202	-30.609
-0.0611169	-30.3204
1.49741	-29.6478
5.39537	-30.2452
6.11344	-31.5509
4.07547	-20.0824
4.31579	-14.952
7.17219	-11.3341
7.28838	-13.469
-1.12127	-16.3689
-7.73694	-11.923
-10.1686	-5.45979
-14.4976	-0.364614
-14.0088	-6.51422
-5.58523	-11.9044
-1.06203	-8.40564
-5.41319	-7.61625
1.85196	-1.84194
0.416686	-9.89347
-3.66324	-12.4076
-8.23211	-9.05492
-10.0928	-8.47776
-6.578	-12.3008
-4.6465	-15.4791
-5.50844	-15.0221
-4.7137	-14.0877
0.549819	-6.54095
-0.329806	-7.03629
3.92163	-3.57891
-2.25565	-7.70443
-2.80928	-10.5241
-4.57813	-11.4513
-7.29633	-17.1575
-1.79524	-8.79495
0.851953	-9.54212
-2.05422	-16.9023
2.16898	-21.4623
3.1638	-20.6282
1.86614	-17.8553
4.05664	-15.7736
3.24071	-22.3915
4.39697	-21.2732
5.35482	-20.9408
3.82705	-19.5942
5.07296	-19.5858
4.69359	-20.8856
1.24626	-17.6097
-4.64012	-11.9595
-8.95274	-12.4765
-10.5109	-10.7312
-11.3936	-12.556
-11.3102	-14.9423
-9.22014	-17.0822
-4.34414	-18.8825
-1.20436	-17.4232
-0.59411	-16.018
0.40805	-14.8524
1.33388	-16.4103
0.0586965	-15.1671
1.2718	-15.194
9.48896	-15.3017
7.38914	-19.3689
6.94087	-18.3289
7.86087	-18.7617
9.2973	-18.862
7.99746	-17.3498
6.827	-14.8651
1.51324	-12.1646
-1.80397	-9.77173
-1.84773	-9.6083
-3.13824	-8.39361
-2.64214	-8.32188
-2.79317	-6.59379
-3.837	-7.2796
-0.849864	-12.041
6.67749	-11.6651
9.21893	-12.2702
6.36053	-11.7834
4.49648	-7.23247
1.0405	-6.59694
3.80951	-8.98458
3.70079	-8.09195
5.22198	-1.02136
3.99274	-0.232325
-1.49548	-4.43142
0.243267	-4.73561
0.596081	-9.04539
12.6502	-3.7396
3.91443	-7.11979
4.31142	-5.66859
3.21912	-11.387
1.11868	-16.2371
3.18753	-22.1051
-2.91411	-18.6171
-4.42255	-19.8349
-5.46924	-18.2524
-5.31244	-16.9241
-4.21098	-16.3088
-2.63128	-14.0191
-0.780497	-17.4642
-2.17703	-10.7586
0.100146	-9.0658
-0.839419	-12.8859
-2.31683	-1.04315
-1.00944	-3.74253
0.699106	-4.60318
0.704165	-3.54505
4.22877	-4.25836
0.850495	-4.09265
7.75517	-8.17304
0.775471	-5.9708
-6.06312	-5.72355
-9.90751	-4.6053
-10.5144	-4.47241
-9.2302	-6.96996
-6.66301	-10.1353
-7.24556	-9.4797
-7.36961	-8.03142
-11.387	-3.20743
-9.2451	-5.54458
-4.57816	-7.07142
-2.64301	-1.23447
-6.50681	-0.761979
-11.0287	-6.94006
-13.0242	-4.16887
-15.1228	1.67804
-15.8883	1.81011
-11.8491	1.42569
-17.624	-3.69843
-12.4074	-0.792553
-8.80686	-0.272532
-9.99854	-3.46876
-2.03348	-7.57023
-9.35195	-7.05255
-11.3513	-6.72572
-12.9657	-5.57853
-8.756	-10.4592
-9.44611	-11.2724
-8.39885	-11.7073
-12.0677	-8.37432
-16.114	-3.66596
-17.3773	-4.72144
-18.0603	-5.26772
-10.174	-4.00027
-1.32441	-9.81379
-0.149013	-8.42951
-2.51924	-9.94258
-6.49955	-14.4239
-1.04385	-14.0227
-1.98022	-8.78451
2.42767	-3.58684
-4.39208	-18.8047
-13.1916	-16.4398
-10.6451	-17.7697
-7.88238	-19.1433
-6.48051	-18.0731
-2.98263	-17.4281
-2.27199	-16.9537
-2.30105	-15.8494
-0.171539	-15.7285
-0.0350612	-15.0094
-0.509637	-13.3693
1.19756	-14.3036
0.100143	-13.0143
-0.286632	-13.1816
-0.934952	-9.9539
-3.59604	-3.15545
-4.16773	-11.9482
-4.25823	-13.4844
-2.33744	-16.7374
-1.63135	-17.4554
-1.76066	-15.1177
0.860768	-19.8776
1.89092	-22.6639
1.84424	-22.7468
1.10426	-22.4753
0.438327	-21.2337
-0.0630564	-21.5053
-0.909559	-21.7113
0.0127867	-22.4868
-8.14461	-20.8545
-5.12413	-25.6931
-1.93722	-25.1889
-6.39088	-20.8681
-5.18272	-19.3549
-3.19568	-20.303
-0.30659	-20.7459
2.3531	-18.8063
0.894209	-20.1031
2.41138	-20.1729
3.76112	-17.1232
2.12146	-9.94223
-0.529509	-6.24396
-3.07274	-5.31864
-4.84244	-6.47897
-7.25835	-5.06365
-11.5819	-2.93285
-5.67475	-7.71211
-8.65017	-0.0702269
-7.97279	-6.86451
-7.33788	-3.92905
-8.62681	-7.84971
-7.26124	-2.77124
2.52522	-4.32118
3.4044	1.15804
0.0250159	-5.23821
-1.62288	-6.85392
3.43325	-8.62947
2.03974	-8.20438
-3.93949	-9.19438
-4.4344	-2.91235
-3.21103	-12.0834
-2.94477	-7.84564
-7.38038	-0.236095
-7.09197	2.14731
-6.4166	-3.37741
-12.9857	-4.75789
-13.7774	-4.45683
-15.1758	-2.9919
-10.5299	-4.76945
-3.6678	-5.7314
5.42038	-14.1192
6.65986	-13.6629
7.5816	-11.5345
9.25971	-13.9788
8.41178	-10.9836
-0.646262	-13.1343
-1.48498	-8.65157
0.645703	-8.74933
-1.99908	-7.32966
-0.669846	-9.0348
1.32561	-10.7318
0.100421	-9.27468
-1.35674	-6.90565
-2.4674	-5.04569
-2.07627	-6.75704
-1.42277	-7.39148
-2.60813	-5.61581
-2.60468	-5.58292
-4.18431	-5.20554
-1.78745	-7.58925
3.46089	-3.81837
-0.219384	-8.80156
-1.52377	-11.1579
4.0288	-7.02032
4.54577	-4.4021
-0.0904504	-3.89512
-1.49191	5.71193
3.52913	4.28561
-5.86829	-9.05249
-7.23635	-8.7258
-12.5772	-3.7439
-12.7093	-2.5009
-10.8625	-4.95541
-8.38736	-7.50239
-9.05645	-8.83727
-8.84458	-10.806
-10.7247	-8.7918
-9.34163	-8.39629
-7.65976	-8.67194
-4.82735	-12.4511
-3.68215	-18.9472
-2.62913	-23.4176
-1.64765	-24.6946
-0.348231	-12.1759
3.11974	-15.6217
4.14087	-17.9665
2.56046	-17.8914
1.13459	-17.4697
1.44852	-13.0909
0.849275	-10.3957
1.72629	-12.1082
4.50606	-3.49478
-6.87276	-10.6844
-9.95032	-10.3191
-8.50552	-6.33922
-5.29762	-9.37491
-6.46028	-7.00453
-9.95435	-5.80875
-2.50201	-10.9944
0.0705263	-3.88623
2.54975	-3.57927
0.852079	-7.08469
3.22295	-6.42851
2.83355	-5.64435
3.53152	-7.65497
4.88125	-17.4944
3.65741	-22.0133
-0.0813651	-21.479
1.68158	-27.2402
1.11115	-27.3114
0.955976	-27.5476
3.64798	-23.0501
1.18492	-13.993
1.74383	-17.7494
-0.381494	-20.0842
-2.86805	-18.6981
-4.19449	-15.3532
-5.85085	-12.1427
-6.08523	-10.8877
-6.29875	-10.2599
-6.81873	-9.76446
-6.95869	-11.0583
-5.84526	-12.5266
-7.32304	-9.99972
-11.5834	-4.95359
-11.5301	-5.52261
-8.89598	-7.76922
-1.62829	-9.59589
1.78951	-3.46948
2.65544	-8.22933
-4.61557	-15.3905
-3.86	-13.614
-5.88503	-10.2479
-6.80499	-8.77979
-9.49117	-6.60619
-1.96214	-5.06195
-9.85677	-8.93741
-11.3712	-8.05225
-7.2944	-10.5692
-5.95213	-12.5663
-4.69422	-7.5446
-2.90811	-5.01754
-5.2034	-7.97107
-6.22508	-7.0465
2.54502	-4.01392
0.403594	-5.32054
-1.86532	-5.84245
-8.62022	-12.7357
-5.40751	-13.3054
-5.32012	-14.3112
-6.98827	-13.9402
-1.83244	-9.41209
-1.37125	-10.1251
-4.01423	-9.31864
-4.99387	-8.06625
-5.87532	-7.02951
2.85595	-10.4188
8.61763	-14.5669
9.91433	-13.9752
8.51206	-12.5922
7.12348	-11.7531
1.50693	-10.8544
-4.33587	-11.2922
-9.97716	-3.84338
-8.4563	-2.98197
-7.11513	-3.1096
-5.76475	-5.34979
-5.49211	-7.0222
-4.63766	-9.84066
-2.82369	-14.4503
-2.34192	-15.0881
5.03644	-9.66517
-0.510482	-5.22915
-0.0729288	-6.49229
2.0427	-1.77676
-4.05123	-5.47509
-4.77225	-5.36291
-4.74098	-13.2266
-10.1315	-19.4054
0.472082	-21.7743
-4.1109	-21.7093
-1.84898	-24.8153
-2.73609	-21.9653
-0.0943662	-22.506
5.95599	-24.9712
5.20415	-19.41
5.56031	-14.3587
1.79245	-11.7507
1.11517	-11.7812
5.8479	-11.2727
5.30972	-11.0234
4.82664	-9.89589
5.26247	-10.9371
6.04719	-12.9867
5.12921	-11.4343
6.88903	-7.45323
1.8996	-9.90113
1.09277	-12.3173
0.495169	-19.1142
1.14334	-21.5372
-1.6506	-17.304
-3.49721	-12.9433
-4.30826	-11.1332
-6.84636	-8.53825
-5.92924	-4.88126
1.17787	-6.51571
6.78948	-7.87779
3.73633	-12.5877
-2.98637	-13.9162
-3.26386	-10.4302
-2.51134	-8.58437
-6.22988	-13.4461
-8.22979	-9.97935
-6.53441	-8.00126
1.10845	-6.42432
2.81787	4.03919
-5.58159	-8.98955
-1.24342	-2.52174
-8.41332	-9.56628
-7.88418	-8.44348
-1.32629	-8.69788
5.4875	-11.4641
7.25518	-13.8612
8.07738	-14.555
7.61327	-14.0089
7.61826	-15.1321
7.30175	-12.826
8.6337	-14.6229
7.79867	-13.838
8.40376	-15.1535
8.16605	-16.0311
8.50522	-19.0045
9.65661	-18.9958
6.37974	-12.5687
-2.96163	-10.8938
-5.03779	-11.756
-4.90805	-12.8025
-3.23538	-14.5319
-2.38127	-14.6089
-2.05788	-14.1877
-6.0719	-9.30668
-5.94657	-10.566
-6.74372	-10.5077
-3.14611	-12.255
-1.66491	-15.3438
-0.911057	-17.469
-3.31209	-16.382
-6.12535	-14.8114
-8.10495	-12.3706
-8.35389	-12.6296
-6.44171	-13.3624
-7.94459	-8.71958
-10.3364	-3.56514
-7.46931	-6.65837
-5.81292	-2.24266
-4.58421	-4.76695
-10.0977	5.46264
-16.4329	1.17494
-8.08023	-0.747973
-9.89709	-5.13149
-11.8423	-1.0097
-16.2067	-5.94954
-10.9044	-5.62171
-2.53813	-1.13063
-6.88788	-4.8035
-14.3188	-3.0266
-12.5827	-2.64133
-11.6631	-2.60473
-9.38672	-5.03338
-10.6547	-3.32145
-11.2305	-6.32495
-6.04478	-10.0889
5.09061	-11.6047
5.77912	-8.70538
5.73747	-4.4543
-5.61336	-1.05514
-8.62057	-6.78388
-7.8684	-5.03476
-7.5041	-8.89296
-7.85753	-9.1562
-7.06121	-6.49543
-5.99708	-4.72288
-3.86823	-4.93838
-0.187391	-5.54324
1.28418	-4.90036
1.94179	-5.31964
2.57242	-5.69842
3.14376	-6.47814
5.54218	-9.27812
6.4361	-12.198
2.37415	-11.5244
5.38341	-15.1647
2.35456	-13.9535
5.81443	-16.6766
4.37225	-6.59266
6.33375	-14.5856
1.395	-8.88664
3.09651	-13.8201
2.44521	-12.9483
0.300776	-12.4847
1.47823	-9.68987
0.842535	-9.75551
8.6219	-6.22495
8.9845	1.00791
9.94304	4.16899
3.89548	-1.83732
3.68131	0.987168
0.498882	3.84085
-0.578193	-3.62546
5.45018	-1.15458
1.38767	0.526123
-0.762198	-4.70469
0.613085	-7.80617
-1.38089	-3.92125
-1.90514	-7.0156
-0.21926	-7.67621
1.26301	-2.61247
1.18203	-3.81922
-4.71663	-3.72567
1.3995	-2.6481
0.399887	-7.3408
-2.35376	-0.935631
3.72377	-1.65188
1.64472	-9.23163
4.45101	1.86573
2.40357	2.54256
1.18724	2.39386
4.90432	-3.6707
-7.60914	-15.9867
-10.3149	-20.715
-8.49098	-25.3336
-7.44252	-21.2449
-6.76709	-18.2284
-1.19661	-14.5669
-1.25623	-13.0264
-1.14329	-12.5324
-0.194364	-10.4316
0.948388	-9.18686
1.34239	-10.213
0.597229	-10.5173
0.436567	-9.61685
0.118676	-9.36554
0.148041	-9.5014
-0.910367	-11.2083
-4.03343	-13.4849
-7.63712	-12.9858
-9.42786	-6.72004
-10.5728	-0.510276
-7.82883	-0.356602
-7.43947	-0.555569
-0.845872	-3.75855
2.98567	-1.31371
-5.59048	-6.06005
-8.54011	-0.431568
-3.19079	-1.68851
-8.79641	-4.58468
-10.1784	-7.06475
-8.16149	-14.417
-7.24953	-11.7016
-6.3344	-8.99278
-0.245074	-17.6103
-2.28297	-16.5595
-6.72975	-11.2308
-3.33022	-14.443
-3.38199	-18.1864
-4.34009	-20.1244
-4.94865	-23.6743
-6.62316	-25.2619
-7.39346	-26.336
-8.5183	-23.2656
-7.66197	-24.2152
-2.19922	-12.9115
-1.66004	-12.9451
-2.87598	-15.0784
-1.18936	-15.8494
-0.995161	-15.8282
1.8064	-13.9425
3.54601	-12.7605
2.75145	-13.7457
3.24511	-14.3359
2.11894	-6.29301
2.67439	-23.5109
-1.31553	-16.8826
-3.1634	-18.3921
-3.57852	-15.711
-2.46216	-14.1076
-3.21362	-14.1236
-4.96516	-13.6071
-7.63105	-12.3415
-7.97584	-11.6897
-6.3459	-10.0965
-5.88983	-10.1706
-4.88953	-11.8699
-2.34248	-15.0317
-1.82723	-12.8983
-2.05424	-9.14615
0.199096	-7.51283
0.68508	-11.3982
1.26567	-3.81784
-7.64437	-3.26772
-19.2751	-4.04239
-9.18871	-5.45263
-5.44783	-7.96433
0.80546	-0.140284
-2.83821	-0.189477
-6.51721	-8.21833
-4.91538	-14.7417
-0.691468	-10.6312
-0.198917	-11.2485
-2.07743	-12.5808
-4.68201	-13.6756
-4.90671	-14.1774
-6.52916	-11.4336
-7.16797	-8.80468
-5.61193	-7.85015
-3.33535	-9.43478
1.45866	-15.0767
4.58898	-19.4448
4.056	-17.7404
6.67143	-19.7134
8.97158	-20.0469
10.0403	-19.9659
7.42894	-16.889
-4.52079	-7.15381
0.297941	-11.3856
-1.14451	-9.5104
-0.57988	-9.40129
-0.2245	-9.4079
-1.55116	-9.44196
-0.941781	-9.68034
-1.87488	-10.5833
4.80938	-3.03059
-6.49053	-1.5826
-10.9205	-4.62025
-11.5751	-1.20821
-6.10875	-3.75118
-6.3848	-5.38923
-6.32874	-9.43351
-5.55485	-6.39665
-7.61402	-16.5259
-4.37207	-14.9571
5.8386	-6.92582
0.919208	-17.6051
-0.2079	-17.2713
1.61192	-19.8453
-0.0960672	-18.317
-0.261993	-17.1026
-2.40161	-14.8691
-3.29988	-13.7468
-4.51451	-13.2422
-5.36702	-11.8248
-4.30082	-12.0327
-3.2798	-12.9003
-3.11534	-12.2381
-4.81003	-9.80247
-6.10268	-8.11425
-9.06628	-3.62892
-10.2361	-4.70061
-7.93693	-9.76384
-0.359205	-19.5682
4.36347	-16.6522
2.60135	-16.5288
-4.93019	-10.6511
-6.22814	-8.52629
-2.54561	-7.67443
-6.02539	-6.66034
-7.99416	-9.12788
-4.16875	-12.722
-2.82186	-13.3758
-5.59704	-12.1832
-2.79986	-10.3828
-2.70739	-11.913
-2.11386	-14.4985
4.94418	-16.3301
3.61705	-15.8141
-1.10944	-15.5042
2.45648	-14.4449
8.44387	-12.5402
1.26808	-14.7498
5.23174	-20.0716
0.474987	-16.0117
-0.0191163	-21.2336
-2.12238	-17.7055
-2.95713	-21.1528
-4.94231	-18.8805
-4.80392	-21.0594
-3.35735	-21.5207
-4.87187	-21.2007
-5.70111	-19.8294
-2.4184	-20.9771
-1.85748	-23.3244
-1.20657	-21.9632
-0.693497	-19.7307
0.850311	-19.1583
0.277028	-21.1785
1.65099	-13.9706
3.81397	-13.0971
5.7971	-13.4687
7.36494	-11.4913
13.4232	-5.29139
7.20207	-10.7635
6.88141	-2.71749
2.81521	-5.47989
2.36494	-3.99566
1.2558	-5.19743
2.82289	-4.92297
1.17487	-4.89583
0.386541	-8.13712
-2.52049	-6.31466
2.99055	-6.67037
0.94623	-6.95482
3.5421	-0.0717647
0.249804	-6.98448
-1.19081	-1.99501
1.31609	-5.35662
1.49418	-3.11752
1.70539	-2.27512
2.2215	-5.62521
0.298127	-3.79726
3.29993	2.80878
0.332919	-6.84126
0.509769	-0.952442
0.473461	-7.35094
4.06349	-3.77317
-1.1804	-16.2888
-3.88046	-27.1933
-0.499511	-19.3265
7.43853	-15.5903
2.07811	-16.4093
-3.44705	-20.1897
-2.10969	-23.8874
-3.0702	-26.7002
-1.0991	-22.8657
-2.31394	-9.96507
2.31911	-5.71411
-2.47603	-3.03877
-8.49353	-2.26126
-9.93175	-5.6476
-7.21875	-3.83055
-9.70513	-2.64049
-5.10286	-9.75456
1.05511	-6.3787
-0.966117	-8.41163
-2.95511	-12.3156
-3.47165	-12.85
-2.24198	-12.952
-1.85416	-12.7098
1.81735	-17.332
2.76237	-19.1006
2.54707	-21.074
2.66225	-18.4785
-1.27225	-13.1089
-1.05814	-11.5135
-0.706542	-12.7121
-2.35586	-11.2149
-0.498046	-11.2928
-3.21305	-9.65815
-2.51563	-9.48348
0.374454	-14.0822
-1.22597	-11.1742
1.16991	-15.6499
1.94987	-23.8877
6.03086	-24.1554
8.15584	-25.1912
7.28186	-26.7489
4.14397	-23.3191
0.52343	-21.2133
-2.48749	-18.0504
-5.08079	-15.856
-7.1378	-13.4073
-9.06517	-11.5656
-9.14135	-9.82459
-9.94479	-7.8155
-8.01014	-6.36067
-6.31437	-3.42404
-2.56675	-5.98588
2.2829	-12.1413
1.74877	-11.247
2.61763	-2.31323
1.18928	-5.62492
-1.09312	-12.4797
-2.74479	-11.2161
-5.55421	-10.9681
-4.46899	-13.1015
-3.82484	-15.178
-3.25805	-16.7122
-3.46339	-18.9962
-1.85893	-22.0022
-0.605902	-22.8164
1.93482	-19.7002
-0.0411634	-19.804
-1.15504	-20.0278
-3.47366	-18.1181
-1.62904	-21.9403
-1.01627	-19.8927
-1.32246	-12.8601
1.05735	-11.9402
7.63339	-9.14856
3.453	-4.2854
-0.811292	-15.2316
2.55022	-9.20817
1.64414	-11.1819
4.89287	-20.9704
-0.229083	-24.6417
-3.83589	-21.2479
-1.01993	-19.607
0.66687	-17.8376
2.61322	-14.33
2.7078	-21.1733
4.41055	-19.7238
5.99474	-20.3142
7.09888	-18.5969
8.41606	-18.8276
8.09807	-18.9121
9.10989	-19.4099
8.73939	-17.9465
4.23985	-13.0915
0.706873	-12.7154
0.195936	-11.443
0.467757	-16.0993
0.175058	-16.811
-0.700887	-18.7804
-3.37532	-19.9565
-3.43549	-22.5655
-4.4033	-23.8583
-5.4423	-25.5587
-2.13081	-26.5182
-2.22021	-24.6539
-2.0589	-22.6962
-3.18654	-21.2042
-3.70333	-22.1364
-5.20931	-24.2909
-4.49176	-24.0222
-4.71444	-24.9574
-5.02884	-25.5968
-3.87962	-27.0563
-2.36808	-27.3876
-2.31007	-24.3278
-1.68245	-21.4095
-0.754301	-20.6759
-0.2445	-17.87
-0.469317	-14.0342
4.86592	-13.7686
9.23831	-14.5143
6.41758	-9.10783
3.8893	-5.89106
5.01337	-9.14171
3.95453	-8.8581
8.84828	-12.8853
2.76331	-10.059
8.37197	-11.9923
6.15572	-7.98051
7.01903	-2.54495
5.63273	-10.8596
6.07698	-8.23936
3.46928	-7.53682
-2.13058	-7.40286
-1.2396	-5.28512
-0.142428	-13.2473
3.37801	-7.44394
-5.94611	-6.0921
-9.56793	-6.87248
-5.98466	-10.0359
-4.25647	-12.2905
-6.33193	-11.0225
-5.70919	-13.792
-3.94512	-16.7611
-3.17654	-15.9022
-0.237261	-9.27472
-5.23885	-8.13882
-7.23096	-8.93684
-3.65359	-8.76068
-3.84353	-13.4789
-4.89475	-9.3477
-5.48035	-8.02678
-15.9568	-3.36078
-13.3425	4.75873
-13.8505	-3.25964
-9.53198	-8.35561
-4.73372	-6.29981
-7.01323	-9.96663
-6.22043	-13.0054
-3.77299	-10.1124
2.22148	-2.21663
1.60143	-1.13982
2.89844	-7.02467
0.447213	-0.947157
2.90453	6.05501
0.63102	-4.3419
-11.2867	-10.7255
-14.3365	-9.47734
-12.2819	-10.054
-10.2646	-9.48096
-10.698	-6.15476
-5.13908	-12.5401
-4.13325	-6.34699
-5.58351	-0.100599
-8.43691	-4.83486
-13.3901	-0.830616
-12.7005	-3.53931
-15.6122	-4.97168
-10.8396	-6.50206
-14.2554	-9.52855
-15.186	-9.80484
-6.56403	-12.5221
3.95875	-15.8479
2.02625	-23.9772
-1.33588	-24.2565
-1.50786	-23.6462
-2.67222	-24.3791
-1.1113	-26.22
2.28416	-27.6118
3.47904	-29.0533
5.71743	-26.9233
8.08476	-20.6038
3.17815	-11.5129
4.57253	-7.64078
4.8065	-10.7316
1.30695	-5.31581
3.44812	-5.87211
4.62408	-12.0001
6.59586	-9.26159
8.48377	-12.0147
3.67405	-10.3792
3.83613	-18.6919
7.57528	-23.3298
4.80103	-19.1079
4.54116	-17.6091
2.26442	-15.8775
1.24062	-15.6168
0.542981	-15.4236
-2.05531	-15.1415
-6.32999	-9.6263
-1.50958	-7.54347
-7.45216	-4.98874
-5.61427	-9.95881
-7.5512	-4.81371
-2.7486	-2.76743
-1.94637	-7.38685
-0.655771	-8.18252
-4.61709	-11.467
-6.06596	-11.3753
-5.11593	-6.26288
2.95868	-4.01437
1.80234	-7.67955
5.07762	-5.41079
-1.39622	0.131949
-7.19734	-7.59209
-7.9057	-7.36217
-9.60154	-2.10677
-4.62269	-3.67582
-12.4573	1.78295
-12.3695	-1.02416
-11.9463	1.35592
-12.0926	-2.76095
-12.2031	-1.91801
-16.7266	-4.36004
-14.1803	-4.5229
-15.3037	-2.3833
-15.5858	-0.41399
-10.8803	-2.08596
-13.7287	-1.85573
-10.5759	-4.64643
-1.75665	-1.32983
-5.28403	-3.48041
0.809592	-0.038518
3.35906	-3.0718
2.86499	-3.08998
-0.0692156	-4.80461
2.78886	1.06171
3.21506	-11.2565
4.31785	-7.84385
-0.26056	-9.88834
-1.18963	0.0682223
1.73192	-1.99659
1.59448	-3.33427
0.586529	-4.50402
4.44192	-0.772022
1.36435	-3.47657
0.233816	-1.82904
1.88339	-3.09825
3.66593	-2.62652
2.01347	-4.23241
4.87965	-4.52377
6.44617	2.56726
-1.67894	-3.50534
2.13916	-2.11105
-2.35343	-3.71128
1.25945	-6.04544
4.04942	-4.79846
-4.42224	-13.7761
4.49662	-3.60338
1.46399	-3.05129
-12.5794	-14.0921
-3.47181	-10.4104
-10.2566	-19.2563
-9.89423	-22.2959
-6.25851	-18.115
-3.86301	-14.2603
4.41433	-4.23379
-11.5991	-12.7
-11.9635	-16.8334
-9.20322	-20.8651
-12.0929	-16.4862
-7.19269	-22.2994
-8.35127	-19.0652
-7.48579	-18.4498
-4.58756	-18.299
-2.08357	-18.9986
-6.1565	-8.61345
7.26458	-11.3218
4.536	-4.7238
4.23605	-6.23685
2.42234	-13.8977
5.91378	-8.69136
-0.0178175	-8.14143
-7.84189	-14.4716
-8.82565	-11.8021
-4.58795	-11.5564
-3.65479	-24.6645
-3.81792	-26.6823
-5.29901	-26.5551
-4.97322	-29.2921
-4.02719	-27.0582
-1.07141	-27.5105
-1.647	-27.0751
-1.47283	-28.8331
-3.3231	-29.2929
-4.23519	-27.9866
-8.10579	-23.8391
-13.5111	-19.3193
-14.1846	-13.1062
-4.97581	-15.1374
0.0924611	-16.1985
-1.24644	-17.8486
-3.83827	-18.7629
-2.04762	-19.1561
-3.75737	-18.3285
-5.05427	-17.5531
-7.1271	-27.1314
-4.90351	-28.0514
-2.68781	-25.4345
1.53196	-22.3376
2.43105	-18.0917
0.837771	-20.5846
-2.79385	-19.788
-4.17437	-19.4321
-5.6331	-15.7107
-8.74201	-13.1704
-8.07169	-17.5338
-4.06656	-23.6247
0.0866813	-16.1249
-2.01445	-5.58247
-0.642478	-7.43665
-3.64518	-12.793
-8.60317	-9.44509
-5.85325	-4.90712
-8.57773	-13.548
-7.85561	-18.6892
-4.10991	-15.3089
2.0671	-10.83
-0.975982	-11.4852
-6.14973	-11.6851
-7.9509	-9.49218
-4.73405	-13.1371
-3.96154	-15.5711
-2.07337	-15.7308
-2.049	-12.1945
2.82963	-8.23621
0.626909	-10.4775
4.75295	-16.4896
3.71121	-16.2315
3.2178	-18.5213
6.49195	-21.3722
7.73878	-23.1536
7.44915	-21.0622
7.35994	-20.5351
10.8681	-20.2758
11.8423	-20.4146
10.4207	-21.0027
5.83567	-15.3742
1.18797	-20.3865
1.5929	-25.3505
0.929588	-26.6286
-1.10301	-24.3702
-1.66788	-22.9794
1.76377	-16.5813
1.50848	-16.7805
3.27116	-18.8237
0.675135	-13.5401
0.923778	-10.8552
-0.748426	-10.9073
2.66173	-8.06264
-5.69601	-6.26902
-3.27244	-2.96276
-3.82333	2.17858
-2.81569	-4.63282
0.630574	3.7095
1.37098	-2.02642
8.59797	0.216238
1.07204	-16.2564
-2.37084	-8.58679
-6.58576	-9.7102
-7.71568	-9.99198
-6.62736	-12.1205
-7.05776	-12.432
-5.90149	-14.8184
-7.84268	-15.5637
-8.35079	-15.9386
-7.71825	-15.6697
-6.83233	-15.6141
-5.70835	-15.924
-4.58674	-15.9008
-5.00108	-15.6433
-4.53667	-16.1509
-1.94642	-18.1206
-0.715662	-16.8403
-5.52981	-9.2244
-9.28213	-7.73959
-8.71292	-5.67905
-4.66178	4.70464
-8.14169	3.49974
-13.2954	-2.18694
-14.3794	0.600123
-5.77408	-4.339
-3.12037	-1.6168
-0.898508	-9.85715
-2.48451	-6.63147
-2.46191	0.443897
3.54794	1.71233
-4.6794	-5.92246
-7.46104	-1.18479
-2.4391	-5.32607
-4.55271	-6.84067
-1.76843	-10.563
8.16154	-13.0091
9.15683	-14.0685
8.49814	-14.2481
8.68749	-12.5597
9.88338	-11.7006
8.80873	-11.6644
4.63868	-9.3118
3.02563	-8.74377
4.72046	-8.40545
6.28512	-11.3773
9.06192	1.15543
3.42517	-4.60394
-1.28738	-8.03076
-5.23372	-12.2291
-8.83287	-16.0175
-4.93597	-12.8527
7.02395	-14.5689
-2.38714	-17.91
-0.349238	-13.7023
-1.00805	-13.7603
-2.87793	-17.0795
-3.79306	-17.2711
-1.46474	-19.0567
0.0323616	-18.9561
0.666493	-19.3086
0.833564	-21.4711
0.0172648	-19.8591
0.778528	-19.4349
1.37584	-21.3366
0.664094	-19.4964
2.46661	-18.0665
6.27496	-11.6609
3.96772	-12.2365
3.22458	-10.7692
5.84814	-13.1037
3.05132	-11.0523
5.92313	-11.2796
5.32054	-14.3706
1.85808	-11.5101
-3.9845	-15.2512
-9.32023	-10.8712
-10.6414	-9.67845
-6.6843	-14.267
-6.88853	-8.57463
-9.63446	-11.6515
-7.10765	-14.5158
-3.12536	-10.7161
-3.4362	-12.1921
-4.48106	-7.21092
-5.59437	-8.81579
-10.2404	-13.3355
-9.64149	-12.6118
-14.4319	-8.6102
-11.2529	-6.437
-6.18183	-9.03083
-7.61039	-12.9081
-4.37809	-10.5808
-1.21979	-6.47386
-7.84071	-16.2629
-8.55853	-16.5282
-10.7322	-8.10064
-7.43415	-9.28222
-1.91895	-7.30095
-4.44364	-4.29499
1.67225	-3.65564
-2.95666	-7.86283
1.83777	-6.40003
-7.84344	-6.40582
-0.900193	-9.7297
-2.66901	-8.96786
4.10117	-3.90637
2.24431	-6.17989
0.776322	-4.87039
1.4049	-5.71635
-0.0390018	-13.9629
3.75091	-3.41385
2.70603	-5.67163
-1.62276	-3.93536
2.16347	-5.3305
-3.07655	-5.85748
-0.360953	-6.24692
1.54758	-3.98439
-1.25992	-3.27935
3.83035	-4.42007
2.71764	-2.74075
5.18076	0.207022
1.96073	-0.866943
-4.72818	-4.21446
-4.13211	-8.70877
-9.36628	-9.11646
-4.1981	-1.84739
-7.2367	-2.21165
-11.6475	-7.55608
-10.339	-11.1681
-4.09292	-12.0498
1.83176	-18.5155
3.25786	-23.201
3.89097	-26.7861
3.07675	-26.1422
3.72218	-26.7366
4.80945	-24.8248
3.39547	-21.1405
1.54282	-14.0084
-1.24531	-10.2313
-2.00039	-5.30291
-2.85206	-1.75881
-9.48623	-7.72105
-8.66428	-7.93403
-10.0333	-13.4679
-13.2699	-9.43365
-4.84006	-6.24625
-3.7312	-14.7162
-7.14823	-9.85837
6.96735	-10.0225
-0.966555	-18.1812
-0.77106	-17.0249
-0.730583	-13.9426
-0.372281	-12.4258
-2.25667	-9.54691
-2.17151	-9.6775
-2.29547	-8.47947
-1.86026	-7.18525
0.0819995	-8.44573
0.322092	-9.9609
0.77891	-11.4466
1.55858	-13.1952
2.53436	-14.2296
1.46476	-16.9927
1.06089	-19.1995
-0.00427925	-19.7386
0.543124	-19.1501
2.98978	-19.0881
2.20397	-15.6302
0.75969	-16.1677
-2.26869	-16.2682
0.631425	-15.8207
-1.04211	-18.0499
-1.25015	-15.3642
-2.13366	-9.88732
-1.18772	-13.6187
2.35332	-20.3919
6.6882	-12.1875
-11.7127	-5.92563
-6.92393	-0.110431
-8.13848	-1.11361
-11.716	-3.30649
-16.4634	-4.7689
-13.4273	0.820831
-15.1126	-9.29355
-12.4137	-9.12337
-4.56752	0.48308
-1.92366	-7.14707
-2.96929	-23.6838
-3.08185	-14.5303
2.34324	-3.77919
-2.96163	-6.28471
1.87592	-3.56396
1.5687	-4.19462
5.7889	-11.9235
2.26081	-4.51331
2.80607	-2.9626
-3.77661	-7.51322
4.9953	-8.2382
5.12	-9.6018
-5.00498	-8.88375
-8.09149	-15.7635
-5.99996	-19.0348
-6.51967	-17.9401
-5.62604	-18.514
-1.59989	-16.1411
5.42125	-15.1909
4.24358	-13.9782
5.40258	-12.1836
5.24853	-10.9242
5.59212	-12.866
5.29704	-12.0669
7.9486	-10.9918
8.211	-11.6172
8.63968	-12.3327
10.574	-15.0279
7.91242	-13.228
10.3038	-15.5022
12.0278	-17.8453
11.1557	-17.4281
4.0032	-11.886
-0.0835289	-16.3636
-0.305139	-18.9503
-0.594848	-19.9525
-1.78508	-20.1658
-1.82766	-21.178
-2.51953	-22.0702
-2.76828	-22.9471
-2.00898	-23.6335
-2.04865	-22.5659
-2.49617	-22.6731
-1.78667	-23.6105
-0.781826	-22.873
1.58077	-22.8439
-0.375289	-18.1711
-3.51226	-14.8924
-2.11178	-19.7517
0.166129	-13.8246
3.27832	-3.03011
-6.51936	-6.86926
-9.78345	-10.6049
-1.23869	-7.84623
-8.70575	-4.36934
-2.17671	-4.17213
-7.06267	-5.01018
-11.2379	-7.7653
-9.60798	-4.32009
-6.22742	-6.89464
-8.43929	-7.65517
-11.0475	-13.9346
0.785808	-9.8535
3.54007	-14.0496
-2.64441	-12.0508
-0.111306	-10.1104
-1.59392	-7.58719
-3.06203	-7.89018
-2.19002	-5.93749
-1.74105	-4.17873
2.38968	-3.46015
1.20441	-11.8317
4.84925	-25.015
7.5077	-6.00247
9.86026	-6.5909
0.19362	-17.7291
2.37769	-21.3993
1.18228	-13.7653
-5.35579	-6.86175
-8.34104	-6.63927
-8.54812	-10.8604
-5.79372	-13.4271
-5.04134	-12.298
-8.63246	-8.26287
-10.567	-5.3875
-14.0946	-4.60024
-11.7602	-2.41806
-9.52234	-4.16969
-3.50902	-9.63203
-0.951118	-17.011
-0.0213277	-22.8224
-1.01673	-24.1305
-0.966586	-25.4786
1.67243	-23.2574
6.26891	-16.3617
5.07234	-13.4949
3.56021	-11.7701
2.8462	-6.16923
5.24462	-11.8565
6.3571	-7.43264
6.28038	-10.0906
4.45116	-5.77557
5.90755	-8.67156
2.41923	-5.909
4.27514	-6.83553
-1.10461	-11.0219
-3.04136	-13.4929
1.47053	-20.2446
0.0449358	-24.4667
-0.66517	-26.8219
-1.60805	-25.3945
-3.54048	-24.5164
-3.24225	-23.8859
-2.12157	-23.4513
-1.93231	-22.6497
-3.45687	-20.6983
-3.24708	-21.0055
-3.95526	-20.0558
-2.93904	-21.7189
-3.41618	-21.1886
-4.37643	-23.1437
-4.42664	-25.2615
-3.77167	-24.5783
-3.42097	-22.3006
-4.14348	-20.321
-3.52074	-16.6617
-3.13444	-15.2021
-0.991424	-15.5923
-5.37947	-11.3873
-2.8481	-10.3146
-1.1152	-11.1064
3.10443	-8.86473
0.359118	-8.81999
1.69894	-7.59368
4.50031	-3.82238
-4.08965	-8.68208
-5.30954	-8.26865
-5.11782	-15.1164
-2.22939	-6.92655
-1.35435	-3.59753
-2.5875	-8.71061
-5.56763	-4.12012
-3.45922	-7.66745
-6.00167	-7.20592
-8.59753	-6.92552
-9.06086	-11.6436
-10.4707	-15.8535
-4.93998	-3.51453
-3.9283	-4.71591
-5.51644	-1.02746
-3.39492	4.44192
-4.41705	2.82454
-2.41921	-3.51372
-0.686939	-2.95505
-0.808943	-3.93225
2.1554	-3.78876
0.13306	-3.1191
-1.83358	-6.36008
-0.558271	-5.9357
0.547243	-5.46229
-0.161022	-9.57116
6.05892	-8.63326
2.6459	-12.2547
-0.250611	-9.31711
-1.57435	-15.9458
-1.72876	-9.57963
-1.32832	-16.7916
-5.79554	-20.7976
0.0981287	-16.6468
2.94389	-18.5211
1.28174	-23.1564
0.948115	-26.0251
-1.30356	-25.0099
-0.743627	-25.9037
-1.22718	-25.0643
-2.17508	-25.6217
-3.29183	-27.6427
-5.71059	-27.5495
-6.70195	-25.2245
-6.89877	-24.228
-6.32327	-25.3933
-5.75088	-25.8896
-3.58957	-25.6371
-1.57329	-24.9191
-0.436508	-25.1523
-1.01786	-22.8756
-0.0296782	-20.7206
0.459061	-20.9448
-1.87874	-19.108
-0.99525	-20.025
-2.15565	-19.4567
-2.99592	-19.1545
-3.13419	-23.1983
-1.82502	-19.6462
-0.62174	-22.1525
1.66956	-22.4454
1.31062	-20.0476
0.742629	-14.8917
1.45684	-12.6643
0.35501	-14.2031
-0.276928	-15.6487
-1.0748	-14.4437
-0.837279	-13.3468
-0.910275	-12.2193
-0.982463	-12.0372
0.66036	-12.5643
1.64611	-13.3253
7.03584	-17.8355
2.45134	-20.1814
0.190878	-14.5566
-0.23896	-16.1385
-2.55146	-14.6914
-2.59079	-11.0064
3.25624	-11.4338
0.916336	-4.65454
-8.66294	-6.30777
-4.01331	2.56833
-7.11807	-3.45738
-7.80472	-9.48717
-8.72335	-8.55054
-8.72215	-6.54495
-10.631	-8.09384
1.85574	-8.25156
3.22507	-7.4229
-0.706647	-10.7117
-4.84765	-10.499
-6.40121	-8.01087
-5.83824	-9.79793
-6.22548	-9.87473
-6.44945	-8.75816
-7.31545	-8.6173
-7.44083	-8.79914
-8.94971	-8.80763
-10.2573	-8.81025
-7.95357	-9.65542
-0.432964	-1.57584
2.46155	-2.67925
0.0522429	-0.929599
-5.8298	-4.19414
-8.52329	-12.3515
-5.80953	-7.37415
-1.14078	-6.02057
-8.7624	-7.50503
-11.2888	-5.97153
-9.44947	-10.1059
-8.3599	-11.4245
-9.43207	-10.7646
-8.09405	-12.2059
-6.36722	-14.1345
-3.45653	-13.0793
2.57335	-6.95356
-0.0913045	-9.39382
-0.302786	-6.45252
1.46363	-9.59135
-5.18156	-3.98877
0.0829707	1.32144
-3.52835	8.22548
-5.48975	5.38814
-6.63195	5.86334
-6.95987	-3.03252
-2.55463	-5.48888
-0.48465	-9.84619
-1.19351	-11.5371
-3.26029	-11.293
-4.80956	-12.3028
-2.23838	-17.3154
3.06176	-20.7983
4.40899	-16.5324
2.01858	-17.3766
-0.119594	-16.9985
-2.69617	-13.3212
-5.74101	-8.41134
-6.98681	-5.07438
-3.71417	-7.39616
-5.66358	-5.56387
-4.84264	-6.92574
-3.59678	-8.31353
3.90475	-19.5661
3.95982	-20.2247
2.47671	-19.773
4.01912	-19.1788
-1.40425	-17.0602
0.388531	-11.1388
2.85531	-10.2927
4.12388	-6.81407
-5.46047	-5.75959
-9.1808	-15.3636
-7.41206	-13.2852
0.113202	-3.99979
-5.64032	-6.63799
-8.27242	-9.79223
-9.65611	-9.77507
-9.90522	-10.1163
-10.2996	-9.73578
-9.90406	-7.61762
-3.67303	0.971956
5.36126	-8.13119
4.16275	-4.97858
2.21807	-7.36104
-4.23512	-18.6862
-5.3332	-10.3992
-6.23989	-13.862
-3.11754	-13.57
3.63671	4.85652
-8.88711	-9.43324
-8.9005	-7.46755
-8.58972	-7.25912
-9.59065	-6.42405
-9.26761	-8.35398
-6.44957	-11.4441
-5.15721	-12.0476
-4.5879	-12.2499
-3.42001	-12.6737
-0.573804	-12.6978
-1.10632	-12.7308
2.48329	-13.213
3.02984	-11.0967
2.62701	-9.87171
3.78052	-9.65565
3.68319	-7.90196
4.34531	-3.4572
-0.952281	-6.47154
-9.49331	-21.1741
-0.937618	-21.0705
0.787351	-22.0409
0.713841	-19.06
-2.69146	-21.1306
-1.82235	-23.2454
-0.957373	-22.8439
-0.656062	-24.7145
-3.28248	-19.8311
-2.18907	-20.253
-3.02967	-22.0188
-2.05198	-24.6871
-2.21084	-25.4782
-2.86019	-25.4139
-4.75859	-22.9544
-3.30705	-23.4597
-5.13501	-25.1418
-3.01437	-19.269
-4.74469	-10.6962
-1.45734	-9.80566
-0.987662	-4.0772
1.45263	-3.19633
0.71276	-0.673261
-0.203026	2.41323
-1.86091	6.27656
3.3968	7.29475
1.11429	2.3944
-0.455346	4.02462
-6.2978	2.51634
-2.17787	-0.399454
-4.98839	-3.53022
-0.322016	-3.52353
0.264915	-1.44834
3.09435	-9.33455
0.476497	-2.64634
4.36689	-0.628326
-1.33596	-3.59067
-2.45626	-7.77792
-3.63381	-8.43364
2.0619	-2.42723
1.23351	-5.7906
-1.27255	-6.45851
-1.3413	-7.17115
2.44204	-9.92432
2.1029	-5.49912
-1.81544	-7.0085
0.11001	-4.63877
1.78979	-6.48614
-6.4096	-3.23321
-0.298377	-4.49545
-1.79517	-2.79029
2.15907	-3.72837
-0.0677409	-7.15525
2.79588	-5.39085
0.388189	-4.8379
0.303987	-2.97851
-5.82474	-12.2398
-4.79744	-11.7633
-2.36123	-16.2224
-0.233285	-16.6845
-6.10344	-13.368
-7.03071	-13.1147
-4.91815	-14.3502
-7.34363	-13.0085
-8.49099	-10.7348
-8.81918	-10.3974
-7.667	-12.043
-7.7468	-11.4502
-5.04403	-10.3737
-5.61812	-11.2763
-3.31889	-0.768193
-14.7653	-3.18359
-9.08903	0.637651
-11.2007	-7.54625
-11.8744	-7.6129
-9.25982	-10.4415
-8.39753	-9.24226
-4.9746	-6.1229
-7.07892	-9.30221
-8.4887	-9.97794
-9.45594	-11.5161
-6.99851	-14.0624
-4.44411	-15.6803
-2.11903	-14.0503
-3.3326	-7.72689
-3.98297	-8.35736
-5.07924	-9.40585
-7.05232	-8.23702
-8.15285	-8.07292
-7.01534	-6.84443
2.41234	-7.59075
0.162869	-11.9612
-1.32277	-8.52917
-0.784678	-13.6056
-2.56044	-11.9077
2.25826	-7.2427
2.82962	-12.6165
-1.90543	-6.88929
-4.1429	-8.42585
-3.98654	-9.3422
-3.22907	-9.58701
-1.34872	-10.8866
-1.32074	-10.5489
0.86811	-11.8603
-0.870507	-10.2906
-2.16889	-9.0158
-6.03029	-6.10309
-2.69296	-7.48174
-3.09265	-6.61342
-3.70668	-7.6005
-3.71182	-8.33256
0.642013	-14.9639
-2.38472	-12.4722
-2.73958	-12.2886
-2.56467	-11.4547
-1.94723	-11.2029
-3.49203	-7.78264
-5.05493	-3.06394
0.542478	-4.03328
-5.62631	0.892048
-3.16889	-2.23929
-4.33709	-2.73525
-4.00512	-4.36819
-3.922	-8.79354
3.57215	1.6072
-3.5643	-9.26287
-6.73214	-4.04437
-9.39411	-7.72596
-8.75137	-9.66819
-4.53932	-11.8943
-1.11812	-8.70803
-5.37978	-3.30284
-5.83813	-1.46898
-7.24692	-4.25746
-6.76921	-0.225443
3.74115	-4.1395
3.31329	-5.36825
2.90026	-11.592
2.55718	-9.00903
-1.27889	-5.12593
0.610875	-12.4676
-0.23804	-11.9016
-9.99352	-13.2267
1.1656	-18.881
-0.786358	-15.3279
1.04806	-21.2854
-1.13626	-22.1807
-0.0578975	-24.6654
-0.482036	-25.2373
0.495158	-26.4516
0.656118	-27.7632
0.0447217	-25.9527
2.88585	-23.459
1.71942	-18.2738
8.20096	-8.10377
5.75108	-15.9435
-0.956827	-18.7063
-5.89358	-15.7856
-3.51967	-9.86738
-5.27091	-6.81554
-4.17425	-5.63583
-3.54238	-9.82295
-4.03164	-4.42411
0.817884	-18.2849
-4.70041	-14.8217
-6.01036	-14.1325
-7.471	-13.2009
-5.94276	-13.9382
-6.15042	-14.1162
-7.51025	-12.0631
-7.53806	-11.5549
-7.85221	-9.47857
-8.25658	-8.66056
0.515015	-3.76905
6.62092	-5.45736
-1.63798	-11.13
-3.19582	-10.0439
-3.72755	-9.61194
-6.17776	-7.58966
-7.26275	-14.4688
-6.81715	-14.6767
-1.47891	-11.2809
-3.94565	-10.074
4.51661	-21.2443
11.8413	-20.2384
4.26285	-18.3945
8.63772	-19.991
2.26803	-21.5421
0.259056	-20.7805
-2.26852	-18.7095
0.681853	-21.9022
0.814466	-22.7048
2.115	-22.5484
3.80953	-22.6104
3.73719	-22.5104
4.79357	-22.6522
3.98638	-19.0092
5.92305	-16.2394
8.16487	-13.0745
7.93134	-14.5615
5.04357	-13.243
5.42922	-12.6201
5.04185	-12.4379
4.53162	-11.5955
4.85858	-13.9165
1.44213	-17.7266
-4.95592	-18.8666
-6.89894	-17.4068
-8.19427	-16.4433
-12.4698	-12.0436
-6.96458	-15.9282
-7.08531	-18.5969
-5.03747	-17.9663
-4.82252	-16.4705
-1.44646	-14.8119
4.87269	-9.43861
-2.68059	-5.37718
-2.23718	-1.147
-11.2671	-5.16306
-10.3595	-5.00064
-9.0821	-0.846173
-14.1915	-3.15884
-17.3079	-3.99355
-8.99281	-4.82235
-11.9276	0.778088
-11.6661	-1.27954
-14.7724	-2.97548
-9.30567	-7.05824
-7.55306	-7.85441
-7.39193	-10.4296
-11.0637	-3.4507
-9.71326	-2.96585
-9.5573	-8.14019
-6.25762	-3.78658
-6.35101	-6.4635
-5.50637	-2.81683
-4.10971	-2.91138
-0.374391	-5.53586
2.31568	-3.98165
-5.10928	-7.99595
-0.849453	-7.03885
-1.11191	-8.43406
3.71268	0.590645
-3.99821	-13.3428
-0.772216	-13.2895
2.19148	-13.2271
5.54942	-12.0556
6.29859	-15.9591
7.57683	-17.4267
7.83864	-17.7285
4.88513	-16.1358
1.73158	-13.8175
-0.853431	-9.33855
-0.994459	-11.2506
0.122895	-1.95699
2.03761	-1.82475
-4.84299	-10.9745
-10.7436	-6.16728
-11.8035	-3.30615
-7.61355	-7.34143
-4.86341	-10.1532
-5.01757	-11.1382
-7.72618	-10.2262
-3.76887	-14.8069
-4.59474	-14.7592
-4.03021	-12.1663
-1.35587	-11.5607
2.86477	-13.5139
8.03447	-17.8321
8.32871	-16.9852
7.34858	-16.8574
7.80454	-15.5704
2.17131	-13.733
-2.10065	-13.6493
-7.08238	-8.18646
-6.54335	-9.16617
-9.13396	-8.93025
-10.4103	-9.50185
-11.9277	-8.32958
-13.5849	-9.14422
-15.8703	-8.83881
-17.1543	-9.17427
-18.1411	-9.11192
-17.7871	-8.23597
-17.3022	-8.01049
-17.7796	-6.39522
-16.7849	-7.11549
-13.8159	-6.91125
-13.0854	-4.43638
-11.1471	-4.99836
-11.8128	-4.30969
-11.156	-7.00947
-11.5878	-6.9466
-12.4695	-6.64399
-11.9015	-4.71554
-9.95271	-4.31873
-9.34869	-4.14969
-7.75948	-3.81908
-6.81097	-4.46652
-6.86328	-4.4276
-1.16006	-10.4224
4.62385	-10.6458
6.60167	-15.7477
7.73616	-14.5797
6.6507	-18.8946
5.76802	-18.4567
4.84995	-16.8199
3.54107	-17.0365
3.30715	-18.4741
2.13406	-16.7886
2.9253	-13.3489
5.34644	-7.47481
2.58639	-6.49562
-3.20656	-7.42025
-0.848206	-14.576
-6.34449	-12.1194
-8.44778	-3.70405
-7.70096	-9.57433
-9.4302	-10.2236
-7.75947	-8.48721
-6.0036	-14.6046
-4.96827	-14.793
-6.58828	-12.5497
-4.11277	-11.6351
-1.89778	-11.6602
-3.24629	-10.186
0.368312	-10.4153
7.41228	-19.338
7.34796	-16.6802
8.97801	-16.5508
9.28873	-15.4916
6.73432	-13.792
-3.19551	-5.69114
0.997913	-9.97021
2.87105	-14.4195
0.337032	-15.641
-0.0693989	-17.0837
1.82447	-19.5765
1.80606	-18.1859
0.273826	-15.7615
1.46679	-7.74375
3.90239	-6.07839
2.94281	-5.57216
-0.138234	-15.4908
-2.40609	-22.6261
2.21422	-8.96927
3.37716	-25.9826
-0.221277	-27.6144
-0.494666	-23.6338
4.65474	-28.0269
8.20429	-24.534
6.98929	-16.4971
4.51335	-12.8669
6.20923	-6.75925
7.77813	-9.88361
4.09388	-5.74298
2.75422	-4.81129
0.322409	-5.09917
3.26734	-11.7515
5.80594	-9.48906
2.43792	-4.80418
4.72155	-3.01204
-1.62865	1.35312
-7.96974	1.14497
-3.65129	-1.2966
-1.04005	-6.80234
7.53598	-9.36018
1.88072	-24.9725
4.02345	-27.184
1.86914	-24.3578
-0.537041	-19.4948
-8.435	-15.7022
-9.15918	-13.8864
-6.47774	-13.1032
-12.0711	-7.77573
-5.05125	-10.3838
-11.4127	-9.98708
-10.7658	-10.6516
-12.5182	-5.19005
-8.5587	-8.81011
-6.58353	-7.3377
-1.70887	-6.00443
0.872522	-4.03319
-0.00412627	-6.05234
-5.62283	-10.8395
-3.32884	-7.85571
-1.75417	-14.2655
0.559774	-4.93071
0.727388	-6.51411
2.06296	-1.8373
-0.619999	-6.0519
2.16974	2.16201
-10.2565	-4.7806
-7.02692	-2.07784
-7.26538	-1.47403
-3.6997	0.390451
-6.26395	-8.45714
0.0073569	-9.74249
0.896895	-7.36815
0.829606	-2.85811
1.40243	-6.45421
1.04885	-4.16183
-1.13375	-1.75792
-4.83599	-7.93224
3.85314	-6.15255
2.95925	-6.21571
0.338575	-4.20664
-1.68854	-6.51367
1.08187	-6.86057
0.671381	-5.26681
2.09882	2.60941
3.74535	-5.45295
3.35981	-8.13515
-1.9569	-6.53768
1.00105	-1.44533
-1.41254	-9.56627
4.71431	-0.277127
-1.61892	-19.049
0.653568	-22.8139
2.23605	-23.7455
1.18809	-19.8149
-0.6387	-17.4285
-2.62111	-15.5767
-5.93713	-12.5349
-7.77931	-11.1599
-9.72542	-9.6255
-12.4975	-8.9172
-14.1496	-8.20334
-14.6309	-8.62408
-12.459	-9.69394
-13.7928	-5.56876
-11.4909	-5.12643
-10.8651	-2.86048
-7.60672	-3.41141
-7.18019	-3.52269
-5.97063	-1.70148
-5.87031	-2.54478
-2.68297	-3.69535
-0.727674	-8.25751
1.80922	-12.7308
3.25503	-19.4018
2.10728	-24.6324
0.0419384	-27.0415
-1.16572	-28.9429
-2.71933	-27.2725
-3.2453	-27.1365
-3.25327	-26.6859
-2.34199	-27.1652
-0.310403	-26.8688
1.91114	-25.4882
5.54924	-26.231
8.69446	-24.7829
8.24957	-19.3479
6.05928	-16.8353
1.29902	-12.1998
2.0644	-15.3482
3.07401	-17.924
3.79682	-22.5501
-0.72602	-20.165
1.99262	-19.7166
5.25684	-23.1657
3.93955	-20.2737
1.46756	-13.0214
-1.68228	-11.3833
-1.96368	-11.5414
-2.75759	-10.8271
-2.52505	-11.7244
-3.17382	-11.3949
-2.99118	-12.5566
-3.92607	-12.1218
-3.62561	-13.9262
-4.35689	-14.7794
-4.84379	-14.2344
-5.74375	-11.7023
-7.90755	-10.6382
-6.55424	-11.2893
-2.49224	-13.0258
-3.66228	-0.807535
-7.79437	-0.429839
-14.7772	-2.28198
-11.1859	-6.73522
-11.3024	-8.84289
-12.6755	-4.7288
-11.5879	-6.40453
-7.05816	-11.5626
-9.18629	-12.3418
-5.27709	-9.36524
-2.50986	-5.8707
-1.86482	-9.70694
1.0496	-13.6561
3.08728	-16.95
3.86767	-17.3884
2.34189	-16.0138
3.31282	-15.6723
4.29281	-14.5549
5.86731	-13.0819
1.25012	-13.568
5.15081	-6.08713
2.65463	-4.76239
4.59349	-7.49456
-2.57126	-6.26927
3.78116	-2.07989
-5.58444	-9.8258
-14.2252	-2.61281
-13.3666	-3.64851
-12.7783	-4.68472
-11.2285	-6.12825
-9.76699	-7.34784
-10.6213	-3.39183
-8.19028	-1.83447
-9.9838	-2.27952
-10.9236	0.27939
-11.959	-3.11589
-7.63528	-7.10986
-1.92836	-7.78968
3.36665	-4.02837
2.83909	-3.05335
-2.1885	-13.84
-1.62043	-15.247
-4.79256	-11.9123
-1.62994	-15.8285
-0.199244	-11.6837
4.46857	-10.1343
6.82295	-7.61916
4.89581	-5.14374
4.5315	-5.84356
-1.32837	-6.0287
-1.27398	-7.23113
0.986898	-6.08135
-4.3685	-8.06127
-6.23618	-17.8405
5.36917	-13.0073
1.70144	-16.3524
-1.02434	-26.74
1.6679	-28.9012
0.210133	-24.2129
2.66327	-21.7117
6.39208	-17.6
6.84994	-19.6466
3.83211	-18.49
3.06699	-20.8253
3.09202	-21.3702
3.65456	-19.2962
2.08313	-15.4221
1.50403	-13.5069
-3.35663	-8.39249
-6.14947	-8.76723
-6.02291	-6.3883
-1.72584	-9.46316
-7.45127	1.79963
2.76911	-6.2494
-2.91746	-5.3023
-1.75635	-4.81064
-1.77628	-3.27484
4.00411	-3.31021
0.123893	-5.34076
0.135773	-13.5775
-1.10952	-14.2969
-1.26257	-13.5199
-3.10764	-10.5802
-4.76105	-8.21474
-6.51741	-5.04699
-8.14723	-2.8368
-10.0625	-2.40172
-8.23939	-6.42488
-7.18839	-9.77872
-0.646989	-8.14743
0.319919	2.17151
-0.737889	0.845241
-8.56863	1.34529
-8.8636	5.14047
-5.28548	-2.73808
-14.2723	-10.6489
-4.10274	-3.15179
-3.52655	-12.986
-4.96992	-14.4033
4.32716	-10.9511
10.6469	-5.36464
-3.29393	-9.66104
-2.68921	-12.9035
-3.71242	-13.4497
-3.584	-11.0774
-4.35698	-8.36398
-1.52406	-7.3885
1.17177	-9.98489
6.63896	-12.2202
5.6212	-12.1998
6.08969	-14.0881
5.07082	-15.048
3.95613	-14.1909
0.833122	-12.0443
-0.291807	-10.3433
-1.96962	-6.92092
-2.66781	-4.87382
-2.62108	-4.76831
-2.44875	-2.97262
-3.54439	-1.32212
-4.82911	-1.11099
-3.59483	-3.2155
-6.73931	-4.59626
-7.00119	-9.71772
-5.13618	-12.7402
-8.57735	-14.4177
-5.02427	-17.7408
-5.14916	-21.1965
-7.20212	-10.6699
-8.06418	-6.32878
-1.37823	-10.8638
-0.880963	-10.4788
-2.4801	-11.456
4.27629	-7.9212
4.12866	-4.41712
3.6961	-5.7293
4.29196	-8.03458
1.46905	-4.52261
6.62281	-2.45432
7.98759	-3.50662
-2.97988	-17.0446
-6.93021	-14.5716
-6.53025	-22.0195
-9.46265	-17.0464
-7.04218	-17.0175
-5.16191	-16.1733
-2.4383	-13.2648
7.41389	-13.1367
8.30716	-13.3023
7.5178	-13.9076
5.88803	-11.084
5.04245	-12.9897
-0.980405	-10.2196
-2.47344	-10.3114
-3.14386	-10.6657
-4.07887	-10.3719
-5.85961	-9.66706
-7.19768	-9.09458
-1.51119	-14.8318
1.33963	-15.7606
1.26182	-10.2532
1.11806	-2.9471
1.87938	-4.1083
4.8497	-1.12917
2.36767	-5.06632
-1.92076	-10.1466
2.37846	-16.1369
-1.86135	-20.4366
-9.49061	-8.01523
-12.0766	-2.32714
-9.99414	-6.72988
-8.99927	-8.92865
-10.875	-8.30906
-11.8075	-7.61259
-10.1103	-10.0593
-5.41623	-12.5825
-7.21995	-8.92555
-5.44279	-1.0469
-7.57696	-0.207361
-7.17403	3.10098
-4.46598	3.02741
-0.859722	-0.823306
-3.8925	-8.06071
-5.40685	-4.03715
-6.97265	-4.18177
-4.90238	-4.13598
2.65062	-1.63475
0.195626	-4.06535
2.35567	-6.81978
3.45693	-2.87936
-2.31097	-10.7783
-9.65407	-6.18443
-9.83262	-8.68712
-10.2618	-7.7452
-9.21749	-9.82906
-8.66745	-10.6321
-5.67213	-14.1722
-2.69418	-10.0632
-4.42296	-11.6691
-2.92299	-14.7959
-4.31023	-14.5536
-2.12059	-7.56385
2.31019	-5.98773
0.0809968	-4.92583
2.96987	-9.5525
3.15064	-8.25182
1.1675	-1.96431
1.45778	-9.02235
4.53238	-6.36592
4.16398	-4.14019
-2.81588	-11.2755
-8.23358	-8.07234
-12.9892	-7.92606
-6.74567	-10.693
-3.74144	-11.649
-4.52048	-6.64475
3.46917	-3.22104
7.35646	-5.07624
5.84659	-4.5573
-0.651547	-8.27463
-4.91778	-12.929
-5.77131	-14.7426
-0.383842	-14.4371
5.20107	-14.2125
3.60428	-24.9027
3.79276	-29.4989
2.20527	-28.3504
3.68676	-29.602
2.66983	-28.4505
4.10559	-28.4064
4.89878	-27.4
6.86795	-26.1215
4.62041	-24.0402
2.29214	-19.5052
3.06724	-17.4537
2.30211	-15.1238
2.27215	-15.9311
1.59547	-6.05237
0.0870325	-5.67169
-1.36908	-13.6609
-4.78104	-7.47051
-8.239	-3.8413
-3.57588	-5.42965
1.06256	-11.2116
-5.37545	-15.2996
-7.37066	-17.1003
-8.72819	-16.4353
-8.94173	-13.5332
-5.58243	-12.1363
-4.56771	-12.4363
-3.12988	-15.1479
-6.07049	-12.8472
-7.64612	-12.0704
-7.29127	-12.5781
-6.49651	-10.2754
-4.89888	-10.4891
-4.3792	-12.5461
-3.24483	-16.8393
-4.10639	-21.3962
-6.42354	-23.3832
-8.24695	-21.4139
-7.4683	-16.8333
5.37177	-21.2715
5.50789	-19.6451
3.23148	-20.4574
3.8193	-20.468
3.45199	-22.584
4.40941	-15.0145
1.06225	-10.5147
4.91149	-8.23236
0.882332	-13.023
-8.24229	-11.2357
-3.23367	-14.2732
1.38795	-12.1157
-1.41982	-19.6304
-5.02963	-14.5781
-5.38335	-12.8679
-3.87625	-14.0086
-1.25608	-17.9941
-0.458746	-18.6773
-2.09596	-11.9134
-0.454847	-17.6063
1.36102	-20.4337
-0.40133	-18.0576
-2.70531	-14.0279
-3.28862	-8.37174
-3.3823	-8.90962
-3.25913	-8.37312
-4.16193	-9.54957
-6.99502	-10.1315
-8.28017	-10.577
-7.93687	-11.6301
-8.08441	-11.8018
-7.18555	-9.39423
-6.09367	-8.61856
-2.6353	-10.7983
-0.559669	-13.3844
3.15838	-15.1188
7.16843	-16.233
6.47037	-20.2501
6.2488	-21.8409
5.33749	-21.4963
3.8754	-19.4878
-4.59313	-14.8659
-9.59014	-12.8236
-12.8364	-13.5918
-12.3106	-13.5443
-12.8823	-14.7071
-12.203	-16.911
-11.4931	-20.5966
-9.16298	-24.5513
-6.90537	-25.3494
-4.35468	-24.5674
-2.198	-20.4436
-1.83106	-16.2601
-3.50268	-13.1773
-2.81862	-12.3694
-0.716204	-14.5634
-1.02122	-14.3288
-1.75447	-14.756
-7.46535	-11.1159
-2.65712	-16.1598
-5.62433	-11.8728
-8.30567	-10.3179
-9.41279	-7.41822
-9.28806	-5.81733
-11.2827	-3.83267
-12.1392	-3.59081
-11.9175	-6.23108
-10.4629	-9.49069
-6.42126	-12.7564
-3.11512	-14.2812
-0.150055	-16.0281
3.24416	-16.0184
6.45373	-14.4213
6.72378	-19.8285
5.43499	-20.15
6.31795	-21.2096
6.04623	-19.2335
4.63477	-17.4298
-2.1951	-11.6686
-7.53031	-7.71369
-9.27581	-10.8815
-7.49055	-16.0831
-5.57091	-18.9231
-4.18986	-23.4064
-2.41259	-23.3155
-1.31598	-21.5893
-0.275304	-20.3749
0.764717	-19.5932
-0.817778	-14.3242
-4.73514	-7.75011
-2.24723	-10.25
0.600221	-5.88064
-6.35572	1.28909
-7.9581	0.868226
-6.53014	0.476799
-6.43591	-1.68838
-9.67459	-1.59488
-9.78469	-12.3999
-5.22125	-6.25719
-1.96066	-4.27462
-2.72411	-3.95116
-1.58588	-3.1785
1.76102	-3.45358
2.31181	-7.81715
-6.25583	-10.7873
-10.3442	-8.5711
-7.86535	-8.97252
-4.44121	-7.60084
2.08122	-5.96302
0.381295	-10.1521
3.71931	-14.7013
5.5238	-17.2162
7.83226	-23.1356
6.021	-27.1331
2.7557	-24.9534
1.3809	-24.8649
0.0294264	-27.1778
-1.43078	-27.1974
-0.93337	-27.9739
1.04672	-29.6162
1.08124	-26.0719
0.74373	-26.7985
-0.670977	-24.4944
-2.42167	-22.8124
-0.529889	-17.4854
1.34665	-10.9579
1.41063	-17.9942
-1.21541	-18.1015
-1.46309	-15.0073
-3.5074	-14.1958
-0.350125	-15.0351
-7.66869	-14.3242
5.11594	-11.7599
1.45463	-10.0789
2.04084	-10.2694
-2.75372	-20.4711
-6.86164	-19.9111
-1.14718	-24.7813
1.97293	-24.9485
5.98781	-14.4422
1.0092	-18.3601
0.505064	-16.5978
7.78439	-8.83531
5.00091	-10.273
-1.65378	-7.52195
-3.20056	-12.3575
-0.134399	-16.8116
1.92766	-8.18837
3.36535	4.30103
-0.733844	-3.79968
4.87992	-3.95865
4.4814	-6.99737
1.05695	-4.91903
-1.30772	2.70269
-0.684416	0.398554
0.922638	-4.05978
-3.14336	0.436513
-1.62558	-3.35613
1.05891	-0.206426
-2.20002	-6.96143
-4.74753	-10.0965
-1.73283	-0.587947
-0.580284	-6.04651
2.60338	-0.178988
-1.15277	-5.0943
-2.66984	-8.26909
2.74638	-2.31798
0.372635	-3.63306
1.50926	1.02759
