1.56682	-17.9843
-0.999854	-2.47788
2.07667	-0.620413
-1.62036	-3.29639
2.84913	-6.23209
-5.89621	-4.6447
-1.60647	-3.21786
-6.49451	-4.94459
1.81017	-3.26324
2.94125	-3.68102
-0.460782	-6.15727
4.02431	-4.44274
3.18584	-6.71266
1.52604	-5.00508
4.25747	-3.06784
-7.87363	-16.9384
-14.4475	-25.0334
-18.0861	-18.6987
-12.0093	-27.8017
-13.9622	-25.2884
-12.0947	-24.3004
-10.1017	-26.2534
-10.5245	-24.1716
-3.82709	-23.2455
-0.135055	-15.8518
-0.640789	-17.119
-0.352678	-17.896
1.77042	-18.6
2.96847	-18.8112
3.69906	-19.3489
6.95477	-20.0367
6.5164	-19.4997
7.85449	-20.0412
7.22086	-19.6114
8.91698	-20.4914
8.44652	-22.3626
4.03004	-13.7956
-0.319984	-19.1126
0.489397	-24.5279
-0.051573	-27.7241
-0.113788	-29.92
0.445291	-33.2499
0.274834	-35.0175
-3.02178	-33.3209
-2.66007	-32.5086
-4.54613	-30.3588
-3.85346	-31.1311
1.40587	-16.6055
-0.260185	-28.4798
0.452621	-33.5286
-1.88331	-32.9138
-4.77196	-31.8236
-6.46579	-31.5467
-6.71605	-31.6967
-5.99698	-30.6364
-5.8552	-31.2382
-3.73105	-32.8137
4.39427	-32.7374
2.66602	-24.235
-0.317121	-20.1354
-2.85335	-21.8412
-1.29338	-26.6069
-1.07483	-26.2533
-0.784004	-27.0128
0.169589	-26.6232
2.93537	-28.471
2.30048	-27.1012
2.96993	-21.15
0.415508	-14.6787
-0.90402	-17.2385
-2.22937	-15.7112
-3.1677	-16.9813
-2.34235	-18.6482
-3.0099	-20.8106
-2.76532	-24.2651
-5.34835	-22.959
-5.34144	-22.7265
-7.66314	-13.7084
-7.87971	-12.3312
-4.35566	-12.9247
-3.33978	-19.8078
-5.10189	-19.5309
-5.71298	-21.94
-5.80349	-23.5121
-7.8482	-23.7847
-7.69523	-24.8312
-4.74062	-27.6719
-3.00281	-29.0436
-2.00581	-26.6176
-0.37494	-25.9643
-5.51243	-22.4524
-5.93082	-16.052
-4.77445	-18.2931
-9.42774	-14.9905
-9.73425	-11.2661
-4.47345	-11.5901
2.12977	-12.9995
1.56223	-3.1885
-5.46232	-7.46351
-13.5575	-5.91644
-5.14748	-3.58362
5.17063	-6.1285
-3.1063	-9.69122
-0.642584	-14.8082
3.99817	-9.05871
1.99275	-22.6174
1.87603	-22.2257
1.65491	-19.4347
-3.34616	-18.8775
-4.50899	-17.9564
-0.0534019	-20.8677
2.16271	-24.426
0.622284	-23.0933
-2.09426	-16.9966
-1.53369	-12.7305
1.13176	-14.2174
7.60381	-5.8184
1.05402	-3.52197
-2.3133	-6.59607
-12.7448	-13.3386
-11.8438	-3.93416
-12.7417	-3.27731
-8.8464	-3.08787
-18.0394	0.666531
-12.2399	-8.04838
-12.8782	-13.7832
-1.52806	-8.2931
-5.11481	-20.6175
3.4402	-11.5393
3.10708	-8.63927
4.96019	-9.09755
3.61856	-5.89293
5.57104	-3.72898
2.59773	-0.858682
8.56978	-2.32978
7.20165	4.82798
2.45672	-0.76749
-1.06418	-9.90519
4.29094	-12.2616
0.501873	-24.2023
4.87937	-18.3834
5.53772	-9.22618
-0.119683	-7.38348
-5.1119	-17.0866
-2.50076	-26.1907
-6.60228	-24.1494
-5.87272	-25.0431
-5.06255	-25.6754
-2.9108	-25.7157
-3.69068	-24.6971
-7.73291	-20.4984
-9.35229	-16.1355
-10.0694	-11.3877
-10.828	-6.83597
-8.24547	-3.89293
-11.3802	-0.374241
-12.9943	2.6195
-14.0917	0.948724
-15.1649	-0.305647
-17.776	-2.53828
-9.72849	0.0658875
0.430194	-6.09138
0.0266036	-3.52414
-4.00311	-9.13054
2.3384	-3.33712
5.14286	-6.3089
3.59206	2.71716
4.73544	2.66881
2.11672	-8.2851
4.84211	-12.9043
2.908	-8.17806
3.25612	-14.7136
11.777	-9.32644
7.70449	-15.0788
2.02681	-22.5873
-8.42567	-23.0566
-8.79101	-15.2878
-7.11712	-12.8344
-7.12941	-6.93819
-3.5424	0.76491
-10.8151	-3.40046
-6.31678	-2.56918
-12.1136	4.78156
-7.12815	-0.222403
0.649809	2.33055
-4.46379	-1.13145
-3.67828	3.81887
-4.45069	6.35405
2.20076	6.28746
1.25752	4.57604
4.34928	5.18133
4.06579	3.431
2.78923	6.16616
3.9516	-1.71449
2.75682	-4.11161
3.68207	-6.63785
-2.25274	-3.01035
1.27859	2.07586
6.50153	-1.90287
2.6124	-2.64084
0.0183093	-7.51053
-1.00966	-4.50276
4.5727	-1.84925
-1.13878	-4.95438
3.3584	-1.2533
-0.977485	-2.79974
-2.45882	-7.33084
0.528444	-1.68602
3.41746	-2.07693
4.70726	0.314229
2.86748	-6.5082
2.90362	-8.81994
6.14136	-9.41291
1.2899	-10.5425
5.35368	-5.14754
5.52878	-2.91233
4.84397	0.510555
-8.30116	-19.1372
-4.87906	-21.7538
-0.778907	-25.6791
-7.65005	-22.5023
-4.76011	-14.7115
-7.55059	-5.58741
-7.05273	-9.73231
-6.66628	-14.8914
-7.72408	-18.5042
-8.1533	-19.0947
-8.12189	-21.5812
-5.65954	-24.0682
-5.92559	-24.6491
-4.4898	-26.4198
-3.13677	-28.6733
-2.67082	-31.0911
-2.12425	-32.0514
-0.851833	-32.3703
2.22852	-33.586
4.08304	-31.9827
3.47457	-32.2572
3.346	-32.3391
2.34488	-30.8991
-1.06276	-31.0022
-2.48879	-31.665
-3.50188	-31.7838
-3.84847	-32.8096
-4.44626	-31.3429
-5.51246	-24.8855
-8.18475	-18.4754
-12.3575	-13.1
-16.9261	-10.4762
-18.0434	-11.2862
-19.3299	-13.447
-15.6003	-15.6041
-7.90332	-17.819
-6.11257	-14.851
-3.18814	-1.08733
0.550085	-10.9429
-5.94308	-12.7288
-3.07581	-12.7127
-5.43391	-9.32192
-3.35036	-14.8063
-1.3663	-20.7651
-2.0221	-23.1299
-2.87524	-22.7847
-5.26142	-24.4068
-6.65113	-24.3754
-6.13331	-24.0861
-7.67878	-21.2791
-7.37865	-17.5761
-7.63429	-15.9834
-7.38918	-12.9353
-7.73095	-10.7633
-6.82802	-11.1221
-6.00313	-11.6769
-6.75505	-10.6059
-6.6036	-11.1326
-6.11568	-12.4085
-5.50006	-15.4051
2.08268	-20.0931
8.97715	-18.8951
7.00367	-19.4262
8.99398	-19.4535
8.84114	-21.6156
9.02497	-20.6421
10.1668	-21.4883
-0.964701	-16.0391
-1.9491	-14.6409
-0.395844	-18.4209
0.860223	-20.6924
4.93822	-22.2342
7.10748	-20.8649
6.71572	-23.4169
5.05451	-23.8703
5.24061	-25.927
-0.712905	-21.3743
-0.584273	-21.0522
4.33643	-17.962
6.29954	-20.5031
-0.380585	-16.4812
0.508588	-14.0599
5.63862	-9.73911
4.84434	-11.805
-2.7937	-19.049
-1.9217	-19.2161
-0.0536094	-19.8336
1.18365	-25.1814
-2.01256	-20.7089
-3.2773	-18.4363
-1.33066	-21.1857
-7.06733	-15.4727
3.36378	-8.60574
2.94781	-7.40249
0.108861	-8.97858
4.49952	-11.113
-0.124811	-13.904
-1.9759	-15.6651
5.6277	-10.3931
-6.69835	-12.9786
-9.46402	-10.9099
-10.7346	-11.2019
-10.3243	-11.4082
-7.94329	-11.1999
-3.6385	-7.13474
5.24932	-3.75407
4.92349	-16.0465
3.26973	-9.80465
-6.50393	-18.5089
-5.58071	-16.9712
0.148998	-8.83448
4.14275	-7.21251
-2.53219	-14.8404
-8.96113	-10.6469
-2.18177	-19.8684
-12.4082	-9.50142
-3.49741	-16.7979
-7.16228	-10.7038
-5.6596	-2.57622
-9.35751	-6.06437
-11.4999	-4.00407
-13.816	-4.95029
-14.4218	-9.34718
-14.8671	-2.40357
-9.84143	-12.2207
-9.19236	-10.6073
-6.96661	-7.95384
-2.14084	-16.2907
-10.2696	-18.29
-1.71768	-22.6868
-6.1019	-16.4674
-3.53376	-20.1009
-7.93707	-16.9927
-4.81619	-12.0078
-6.19125	-2.43559
-5.57565	-2.00929
-5.32882	-9.41291
-6.25284	-10.2471
2.53203	-8.0412
-4.11474	-9.33652
-6.15868	-8.49332
-5.91446	-5.28603
2.27033	-12.2902
0.159552	-14.4347
-0.00570384	-14.0904
-3.85329	-13.6277
-1.52469	-13.6583
2.80182	-15.6909
4.17321	-23.2771
7.40734	-25.3015
7.37173	-24.1628
4.75351	-26.4878
1.21321	-23.7506
-4.82213	-20.8761
-11.5912	-18.5878
-12.0724	-17.4022
-7.74268	-22.4106
0.835673	-21.975
-0.192405	-20.69
3.91236	-23.4617
3.48677	-21.2874
2.00271	-19.3912
4.47371	-19.0081
2.65896	-9.96738
1.55644	-10.8482
5.55198	-11.3998
2.13783	-9.08094
4.56509	-5.3211
-6.15413	-11.8545
-3.14904	-11.9628
3.63187	0.333059
-0.58632	2.95632
-6.57709	-13.7258
-10.2922	-19.0968
-10.2174	-17.9627
-3.9005	-13.9858
1.23864	-2.66787
3.55529	0.220172
-3.50508	-2.98777
-3.672	-12.8624
-6.59826	-7.06174
-2.86872	-4.20669
0.846368	-2.57754
1.36642	-6.82177
1.71325	-14.542
-0.163296	-15.2008
-8.68949	-16.2836
-3.32606	-14.5052
4.89692	1.30722
0.459352	-8.28263
-3.29273	-11.7515
-1.6842	-11.0726
-3.19844	-9.69488
-1.97148	-10.621
-3.3362	-7.97188
-2.75403	-8.63135
-3.80433	-8.82359
-2.92934	-10.2782
-1.48039	-13.056
5.62429	-20.9212
4.93635	-22.6276
2.87342	-19.7513
3.70998	-15.5298
1.77398	-14.4625
-0.478952	-16.397
-1.09424	-15.1693
1.25671	-18.4433
-0.420954	-19.9775
1.44639	-10.4301
6.01569	-6.53465
9.18251	-3.77992
5.71803	-5.7053
6.48868	-5.17149
4.19767	-1.37081
3.01822	-2.57698
5.23964	-5.71776
0.466035	-7.85005
4.49649	-0.741277
3.06264	-2.55973
-0.830992	-3.06764
0.673993	-6.94768
0.243426	-6.17425
1.70036	-4.44621
-0.431403	-2.89373
-3.01367	-20.6626
-3.93037	-22.1063
-3.12091	-30.1253
-4.1445	-29.3733
-2.28764	-27.2721
-5.41898	-22.0525
-3.29058	-19.2078
-0.944628	-6.88967
-2.14376	-5.88848
-1.95582	-6.1833
-8.75875	-9.93383
-6.62908	-4.2104
-1.97683	-10.6714
-8.81914	-6.82107
-6.42167	-5.94753
-3.2907	-10.9656
-4.26849	-4.77104
0.566851	-2.93264
-1.26533	-0.0577789
-3.00909	-3.29582
-9.17915	-14.5925
-13.2315	-13.0276
-14.0379	-11.7648
-12.8483	-12.0563
-14.5683	-12.2942
-14.7828	-10.1462
-12.15	-13.7807
-9.63319	-15.3293
-6.00859	5.46139
-5.80051	-2.39398
-2.70267	2.83387
-14.5977	-6.75158
-5.92007	-3.56649
-0.807797	-5.19561
-9.0883	-20.1547
-4.57964	-24.0952
1.02894	-26.7296
0.110627	-19.7076
4.43798	-15.5168
9.65909	-21.9411
5.58132	-20.6807
7.36987	-18.4744
4.42997	-16.1574
-0.00521211	-13.8428
0.739481	-12.4914
-0.385165	-9.98844
-4.24793	-14.8488
-6.00173	-14.9541
-6.83931	-14.1033
-9.7951	-11.4272
-9.52162	-11.9441
-10.6887	-9.56629
-11.5071	-7.85181
-4.75113	-5.56727
1.73971	-5.89508
-3.52936	-3.24432
-4.2194	-10.1223
-19.9593	-5.66615
-1.42812	-9.4818
-11.4285	-24.782
-10.8581	-24.1665
-12.1063	-22.8046
-11.2422	-17.306
-11.1122	-14.3617
-11.9925	-12.3429
-8.06711	-11.8041
-7.06128	-8.43232
-5.05859	-4.61183
7.42172	-2.76456
4.75335	-3.42812
4.69854	-7.94321
-1.5327	-11.5073
0.338098	-11.7789
0.614805	-14.1238
-3.10586	-19.4461
2.28774	-23.4827
2.97825	-17.618
6.26184	-24.5935
0.405134	-27.6648
-0.235311	-29.3213
0.636225	-29.5274
0.557408	-30.1073
1.51317	-28.2961
2.10559	-21.275
-0.972951	-11.247
-6.30191	-5.38668
-6.28038	-8.759
-10.4198	-11.2647
-13.4789	-10.4359
-12.7838	-15.5901
-16.9242	-12.4852
-12.9149	-11.7237
-10.6482	-12.5929
-5.93323	-16.3702
-0.575796	-20.7279
0.882486	-1.8277
6.85335	-12.8403
-1.22933	-10.4289
3.48584	-5.6752
2.43518	-10.7824
-6.62103	-14.8043
-5.86114	-16.3415
-4.88789	-18.6321
-1.52536	-21.2426
-0.887449	-24.1556
0.141306	-26.4995
0.437475	-28.7323
0.532546	-31.9014
0.1541	-30.6733
-1.1013	-27.3268
-1.76016	-24.3197
-2.24669	-21.7511
3.85677	-21.8971
4.4072	-21.5738
6.13699	-24.82
6.8515	-25.4357
5.16334	-23.6428
3.95283	-24.0445
3.56306	-21.8887
4.28247	-16.9687
1.33624	-16.5766
3.3767	-20.4745
1.11456	-16.7377
-0.567546	-10.1379
5.97488	1.7944
-11.2306	-4.27698
-9.14004	-10.0071
-12.5194	-9.2004
-13.3233	5.0205
-14.5307	1.1567
-19.0207	0.735997
-7.79975	5.56188
-16.6689	-5.30334
-11.4907	-5.71753
-1.92324	-4.26132
3.02852	-1.82147
1.47703	-2.94279
-4.70989	-5.73848
-6.25044	-5.18973
-4.53384	-6.64927
-4.44824	-5.11102
-4.8138	-7.82343
-6.61876	-4.68208
-4.28876	-8.64466
-1.46332	-8.21017
-2.41748	-6.32458
-1.89142	-4.67225
-5.17001	-1.45185
-6.84631	-2.74844
-3.88141	-6.49995
-1.6228	-2.37257
-2.99058	0.418232
2.60246	-0.524316
3.12025	2.57876
4.28458	4.31254
10.1971	-7.09125
-0.451348	-3.52165
3.16653	-2.43151
5.2224	-3.65527
-1.31601	-4.30042
4.62465	-4.57179
4.01716	-3.89562
4.50074	-2.28685
2.68262	-1.54184
0.285034	-8.23076
3.31178	-2.73632
-0.964469	-7.45618
0.440813	-2.29172
1.79033	-6.02355
3.65436	-5.44936
2.25348	-5.73785
-3.50706	-7.9122
5.18073	-1.78966
11.5746	-1.22583
6.35159	-13.9457
0.578714	-14.9926
3.71262	-17.8959
5.44975	-19.8322
5.21947	-15.6468
2.19021	-11.3432
1.88569	-12.5931
9.90756	-23.2639
7.34617	-29.4874
10.383	-25.7688
9.1977	-24.296
4.50416	-21.7715
-1.8635	-16.0542
2.45378	-17.5159
2.10164	-7.26204
1.68892	-3.8429
-0.74197	-3.09734
-8.49703	-11.9753
-7.52736	-7.9073
-9.93239	-7.34228
-12.7098	-12.6372
-11.2815	-12.0734
-8.6054	-12.1784
-10.5525	-16.366
-3.24647	-21.2881
1.09659	-26.9515
1.02694	-31.1335
-0.875926	-29.5732
1.14715	-30.6154
0.762272	-30.5954
-0.280335	-30.8304
0.552264	-32.445
0.379117	-30.5477
-0.468456	-29.043
-0.0552407	-25.06
3.78809	-21.0246
3.10754	-20.0742
3.93812	-23.8555
2.09853	-24.9811
1.97754	-23.4648
4.49481	-24.2381
2.41448	-24.4108
-0.407447	-26.2871
1.28799	-27.7187
-4.15331	-21.5324
-4.15668	-16.7623
-4.08433	-17.5584
-6.44304	-12.7252
-3.55143	-10.028
1.57592	-17.8913
0.0152328	-19.096
3.28927	-13.6301
-6.36753	-9.98903
-6.91266	-6.02731
-11.269	-8.1804
-6.43985	-18.9744
-4.21653	-23.2694
-5.79169	-21.603
-4.64826	-18.4061
-4.01845	-16.6551
-4.29594	-14.1607
-6.26595	-11.617
-8.42981	-9.44007
-12.1759	-8.17116
-7.47152	-13.2745
4.10295	0.397184
-4.34409	-15.5229
1.36105	-22.2993
-6.15803	-15.7478
-5.24458	-19.4311
-5.44925	-16.5527
-2.64988	-11.5618
-0.977688	-25.7739
-2.16672	-30.5138
-5.44414	-32.4827
-4.21149	-30.9918
1.58319	-27.7356
3.68451	-32.3965
-1.39294	-18.308
5.30555	-10.3586
1.98217	-9.86928
2.58604	-17.6932
0.904084	-15.1709
-4.05343	-25.7174
0.729465	-16.9833
-2.05715	-18.8576
-5.19365	-15.1792
-5.58137	-13.0856
-6.60632	-11.1755
-8.52618	-11.777
-0.865345	-19.2114
6.64623	-16.805
5.75561	-15.8367
5.87863	-16.4842
4.97387	-17.7096
4.61173	-20.1187
2.67767	-18.7889
3.02325	-18.6074
-3.11067	-17.8821
-5.33429	-22.7981
-7.36978	-22.8145
-9.75994	-19.4115
-8.27022	-20.0995
-9.6446	-17.0592
-4.90409	-16.9239
1.84715	-15.8615
7.02994	-17.8213
8.48682	-21.6161
3.95448	-19.1232
2.59735	-15.4635
0.753042	-13.2748
3.74324	-13.3818
6.85172	-14.8267
5.55154	-8.76951
10.3501	-2.39588
7.12871	-3.99354
9.83318	-7.05183
4.20965	-11.2841
8.79086	-10.4177
-3.53677	-1.532
-13.5204	-12.6576
-6.38978	-15.481
-3.23476	-19.7059
-0.820801	-28.3349
-0.578825	-30.7984
3.42232	-34.702
1.44005	-34.3907
2.17567	-34.8099
1.8483	-30.5276
2.13451	-23.9059
7.82444	-11.7283
4.31592	-12.5673
-0.126142	-17.0589
0.888374	-19.5239
-1.91431	-12.5756
1.81098	-9.09297
-2.23817	-14.1769
1.72034	-8.49167
-6.25459	-14.7923
-4.06446	-16.1807
-5.33925	-14.5684
-2.13681	-19.4869
-7.6684	-18.4936
-4.31069	-20.6075
-2.77468	-21.988
-3.44501	-20.2951
-8.97234	-13.5752
-13.2104	-13.066
-3.24483	-11.1033
-5.51496	-9.09623
-12.9317	-12.5541
-6.59837	-7.48736
-6.50003	-4.60104
-12.7474	-9.64062
-8.80405	-11.6969
-2.25632	-5.6061
-5.68804	-10.9794
-8.17074	-9.06996
-4.84933	-1.20531
-6.78853	1.1931
-5.43714	-1.31802
-11.2644	-13.4819
-7.8135	-9.57253
2.32667	-19.3747
9.57794	-9.16115
3.09708	-7.27151
11.5949	-11.7556
-3.55459	-16.4762
-4.57315	-20.8129
-9.55735	-15.8148
-12.8241	-13.3263
-14.7684	-10.7357
-18.659	-8.05959
-19.0898	-6.01928
-12.9402	-12.9114
-13.5197	-12.8464
-14.2369	-13.355
-15.6334	-12.4178
-15.0741	-10.1064
-15.5555	-8.71829
-14.4631	-6.36982
-11.8867	-5.3105
-8.29156	-5.41431
-8.99983	-8.89404
-8.86035	-1.56959
-7.32019	-6.88909
-5.32636	-6.13573
-4.57688	-4.27397
-5.23461	-7.05777
-4.14049	-8.41123
-3.45083	-13.7885
-0.456588	-16.3789
-2.72084	-16.8004
-2.1402	-5.41905
-4.03625	-5.72175
-6.63952	-6.11608
-4.36316	-1.41151
-5.04264	-2.56325
-4.24624	-8.89605
0.0646953	-4.97254
-2.85003	-2.96092
-3.84907	-5.58826
-4.31769	-5.47953
-1.58907	-2.77604
-10.2235	-6.21485
-12.8298	-5.17605
-8.50886	-12.7481
-7.74198	-2.04475
-14.6314	-4.31826
-7.97176	-4.93216
-13.4906	-1.14269
-11.1492	-1.01599
-13.9005	-8.443
-13.9846	-10.4624
-14.4277	-5.94546
-8.71756	-2.27033
-7.81127	-3.05275
-8.27395	-3.2115
-6.26549	0.970386
-0.745951	1.7585
-4.46933	-0.493993
2.90518	-4.61109
-1.57826	-11.1871
2.25166	0.556153
-0.246285	-5.56949
-0.61774	-7.86029
2.84115	-5.05703
1.89967	-3.02465
0.468764	-4.99454
1.992	-1.89167
-3.06763	-2.50209
-0.500081	-3.96708
-5.2077	-0.798317
0.444174	-8.71717
1.47949	-5.11375
1.92734	3.1869
4.89942	-4.24697
-0.722408	1.10388
0.488586	-2.62974
1.4936	-8.08157
2.06375	-0.661556
2.75481	-3.60871
5.39954	-9.21488
-0.347125	-17.186
3.60108	-16.7989
-1.96685	-5.96416
-6.60971	-7.80751
-2.62079	-13.0785
-6.74881	-13.4205
-9.99512	-12.0373
-12.7804	-9.15847
-12.2961	-10.6824
-15.0041	-8.20817
-13.4245	-8.63505
-6.92629	-15.0181
-3.27927	-6.22693
2.88992	-3.91824
-2.85941	-3.04921
1.10088	-4.84039
-1.15143	-4.02701
-5.94884	-1.47617
-5.76599	-4.54224
-2.82545	-4.25998
-1.72007	-4.41024
-2.0331	-8.21157
-9.84181	-8.07197
-11.5982	-9.43538
-12.5842	-5.38321
-10.8862	-4.5223
-6.77907	-6.34284
-3.67157	-11.0043
-1.84298	-13.4169
-3.16735	-11.6384
1.26061	-16.8194
-0.857279	-14.84
-0.40343	-16.9305
-4.09218	-18.125
1.90554	-20.5609
-5.14216	-16.5789
-4.83189	-18.6825
-5.53779	-15.1091
-8.40149	-11.1515
-7.69062	-9.91233
-12.0314	-8.84983
-6.32362	-11.3357
-9.35708	-10.458
-10.8871	-3.56317
-11.4985	-8.40141
-9.8464	-10.1555
-13.6558	-8.07771
-12.5828	-10.7414
-13.5982	-8.94357
-13.7541	-10.2397
-10.2708	-15.3538
-10.1536	-16.4293
-7.88248	-13.4652
-3.33855	-6.19861
-9.16849	-2.67569
-8.98936	-3.38859
-18.5707	0.355486
-16.1513	-4.83415
-8.1594	1.32632
-10.8	4.25377
-5.84963	-5.22135
-10.8453	-7.9348
-9.6931	-6.6105
-5.25451	-7.02025
0.7432	-5.26452
0.693726	-0.703622
-9.40266	-3.86
2.52893	-8.77172
-4.47248	-18.5691
3.92171	-24.3144
1.87852	-23.0743
-0.605681	-23.536
-0.294079	-23.6123
-0.452593	-25.1021
-4.71113	-22.3479
-7.87375	-20.4265
-9.57777	-19.5682
-9.88103	-22.0128
-10.4357	-19.2959
-9.15318	-18.1829
-6.81966	-22.8941
-6.28353	-20.5877
-4.16732	-17.4299
-4.51961	-10.8045
-5.45309	-12.0762
-6.25182	-14.5441
-2.09763	-15.2342
0.882228	-19.9615
1.30009	-17.1514
0.46318	-12.4535
-3.54503	-14.2352
-3.60696	-9.98777
-8.88183	-9.99666
-10.3154	-11.3486
-12.6853	-8.48924
-13.1472	-6.58087
-10.781	-9.00867
-8.88323	-11.7037
-13.2834	-9.67315
-12.7764	-10.9036
-18.8138	-12.3093
-20.743	-16.9581
-15.6782	-20.4476
-17.1665	-14.6488
-14.4215	-15.8649
-16.5312	-22.3478
-14.1777	-21.5938
-17.6901	-27.5091
-20.1672	-16.7108
-17.2078	-11.371
-12.1743	-10.4538
-7.47779	-8.60659
-0.561508	-10.9735
1.47724	-14.6458
0.97675	-18.8173
4.91539	-27.62
4.18789	-17.0457
-0.178577	-14.5486
-2.756	-10.7522
-3.00134	-11.4966
-2.8605	-9.66452
-0.811649	-17.3379
1.19771	-22.8506
0.906284	-25.6249
1.95409	-25.0666
3.52948	-23.1645
5.02424	-21.1559
-1.1144	-13.464
-1.19624	-14.5452
-1.27441	-9.11998
-2.32153	-0.280192
4.32992	-2.28537
6.08932	-3.74335
1.41387	-2.06415
1.73945	7.29566
1.26594	0.279355
3.59425	-2.86131
-2.82066	0.775673
-4.34375	-0.352854
-1.85688	-2.06212
-1.76262	-8.53881
5.39024	1.95382
4.18972	-6.47972
3.04537	-5.26516
1.70413	-5.55674
0.309296	-2.58733
2.09442	-10.1579
5.43971	-1.85522
-1.54045	-5.2049
2.24729	-4.61063
8.30562	-5.07834
4.19396	-2.88059
5.94015	1.45021
4.21917	-6.82311
2.53672	-3.30135
4.23353	-4.90371
4.86769	-4.31357
2.41208	-2.34435
6.29278	3.68985
9.10446	-3.24383
6.89559	-2.41215
7.60982	-4.92134
5.38893	-1.70268
6.0651	-1.42333
6.40603	-4.27909
-1.1313	-9.27604
-8.6965	-18.6089
-4.48526	-5.5113
3.26221	-1.36935
-4.72852	-11.4148
-9.44082	-7.64802
-13.7284	-8.58795
-12.9309	-11.3409
-13.5116	-12.6499
-11.0123	-15.7219
-13.0001	-15.2581
-10.815	-16.1917
-10.1283	-12.9289
-8.18029	-12.8901
6.29046	-19.4054
5.34774	-17.9517
5.91121	-19.3281
5.83309	-23.0697
3.97837	-23.9224
3.23849	-24.2703
4.77589	-23.2816
5.01495	-24.9016
0.565871	-17.2664
-4.5745	-17.9115
-6.45148	-17.0863
-7.40183	-16.8426
-6.21232	-12.576
-4.12039	-19.2571
-6.5679	-20.8624
-7.63787	-18.3518
-8.12519	-15.0756
-7.79618	-13.467
-7.53743	-11.2425
-7.66994	-11.6224
-9.00088	-9.68842
-10.5963	-10.118
-12.8168	-9.81084
-13.454	-10.7505
-9.75645	-10.9735
2.46503	-8.68618
-3.3748	-9.12214
-3.46534	-4.20311
-4.03593	-13.9286
-6.81664	-14.5165
-5.23959	-6.176
-6.20076	-7.74901
-7.00962	-11.9487
-6.42523	-12.3988
-6.54453	-12.8186
-6.55941	-8.14736
-8.97056	-17.626
-7.09723	-16.0032
2.1272	-23.093
-5.19675	-15.4886
-4.85511	-18.9413
-7.92601	-15.9437
-9.38631	-12.5469
-6.22104	-12.4133
-8.11539	-10.5896
-4.8124	-11.5949
-4.24342	-11.0591
-2.74453	-13.972
-4.55993	-9.91409
-8.4115	-7.85474
-12.1663	-9.67471
-6.51425	-13.9903
-11.4413	-13.267
-4.02278	-10.9147
-0.00610084	-8.07438
-6.79256	-8.10064
-3.2756	-9.36635
-6.95585	-7.78573
-4.47909	-3.55125
-2.24823	-5.77573
-7.99356	-17.2882
-10.5566	-16.5649
-13.9097	-21.5419
-0.24099	-10.897
-2.28033	-16.1011
4.23045	-14.7299
-0.11039	-27.0088
-0.687784	-27.1632
-0.426003	-22.9752
1.23155	-25.0723
3.99603	-28.2263
6.37206	-29.266
4.56412	-26.0407
3.54252	-23.2926
2.72202	-20.7447
2.52659	-18.9148
1.08009	-17.7006
0.94846	-19.876
-0.162257	-19.7578
-3.78773	-16.42
-5.84763	-15.5641
-7.59293	-14.3088
-5.08262	-18.6821
-3.6447	-21.303
0.00382988	-13.2047
0.198027	-8.15766
-2.60591	-2.86714
-5.25826	-8.3933
-12.3309	-10.547
-8.30229	-8.98268
-11.7158	-4.95001
-7.95558	-10.9338
-5.22968	-6.07906
-11.5584	-11.8769
-7.11414	-10.7003
0.10793	-10.3519
7.54551	-12.7644
0.776647	-23.3535
-4.30248	-22.2718
-6.8977	-19.8221
-5.79853	-16.8775
-3.88871	-17.4842
-5.66614	-14.3589
-3.71817	-16.0585
-12.3815	-8.4219
-10.4989	-2.70208
-11.3679	-4.18826
-11.654	-5.69583
-5.64536	-8.49234
2.71987	-11.8687
-0.493139	-10.2072
-3.40093	-12.3257
-0.48598	-5.96999
2.4505	-9.82087
1.3587	-13.0055
2.32548	-11.0236
-3.88608	-14.3351
-3.68413	-16.5168
1.27048	-2.26386
-4.186	-13.401
4.87408	-7.3869
-6.05822	-11.9764
-8.41977	-11.5058
-8.56373	-9.26066
-4.12491	-11.1674
-5.34879	-9.51126
-4.20767	-10.0537
-5.56149	-6.94279
-4.05147	-9.47065
-2.57308	-12.8899
-0.933883	-16.1123
-3.91471	-15.0948
-7.81102	-7.13896
-2.45308	-8.96489
-6.96725	-7.17107
-1.19213	-12.5667
1.57539	-20.9401
1.82171	-26.7826
-0.848718	-27.906
-1.92562	-29.0547
-4.33805	-28.1159
-3.19332	-26.8661
-7.90266	-24.1007
-6.47382	-21.5174
-0.399122	-26.8961
0.393207	-23.1422
-1.07973	-18.8982
7.36736	-6.26213
-0.143634	-4.75219
3.32786	2.51527
-1.97758	0.401417
4.32222	-10.2897
2.95945	-8.10121
4.47585	-7.41345
1.09605	-11.6074
0.48746	-5.8872
-1.17884	-2.67911
3.01669	-8.1598
5.9036	-5.88445
1.9773	-7.15883
-7.26224	-15.7126
-6.25213	-12.8108
-10.8696	-15.0206
-10.7108	-13.6038
-5.64307	-11.2301
-3.17535	-13.5613
-0.137021	-16.823
6.0726	-5.78385
-4.86693	-4.25748
3.16512	-11.1767
-1.28845	-7.04249
5.84457	-3.04047
3.47625	-5.6471
2.64834	-1.30647
4.0838	-5.60413
4.89946	-3.44401
4.11961	-6.10604
3.62604	1.31616
-0.793569	-15.9051
1.79059	-4.86439
2.53077	2.33189
-0.371877	-3.34063
1.0766	-4.70357
0.838151	-7.57134
7.14078	0.923256
5.19016	-3.97898
3.87823	-2.20542
-2.63711	-11.809
-2.49185	-18.2979
6.17871	-13.1131
10.2357	-9.00944
9.53754	-13.1167
-0.949474	-20.4169
1.64162	-23.0029
0.709873	-25.7029
3.22395	-27.7887
7.95981	-29.7658
10.929	-25.4642
4.06333	-16.5161
9.13019	-14.6214
3.11329	-14.2084
3.12769	-16.3199
4.04447	-14.4669
-4.22702	-14.5823
-3.33687	-18.4867
3.93882	-26.9924
1.40239	-31.941
-6.81599	-30.2502
-7.46341	-27.9884
-7.17889	-28.2779
-4.35764	-25.9688
1.31697	-19.4735
0.160764	-8.75744
0.849227	-18.5817
2.14894	-12.7612
1.4208	-16.6461
-1.07486	-10.7106
-6.55536	-13.4425
-3.58051	-10.5465
-3.61266	-17.7605
-1.15073	-27.8501
-4.05788	-24.0782
-4.03755	-23.0966
-4.17894	-21.3529
-4.71287	-18.4728
-4.07195	-17.4311
-2.18035	-20.3066
-6.40237	-20.333
-4.34189	-16.1693
-2.73475	-11.2485
2.65591	-6.65834
-0.164883	-5.93138
-4.0221	-9.93884
-4.35126	-4.05162
2.00998	-9.58167
5.10749	-19.619
-1.40204	-17.5686
-0.781614	-17.4279
-2.83786	-12.9765
-2.95016	-15.8586
-10.9963	-21.4728
-8.87949	-17.0365
-6.38806	-16.3664
-3.9586	-18.4805
0.293028	-18.9593
-0.748817	-16.5244
-2.08733	-16.9055
-0.660422	-16.1852
-0.599388	-15.0004
0.267539	-16.222
-2.30338	-13.2136
-1.5694	-11.5148
-2.27536	-10.4676
4.02523	-7.44873
-1.30924	0.793008
0.650757	-0.0534731
-7.08002	-4.53068
-4.20439	-5.90717
-3.22838	-2.02218
-9.98042	-12.5746
-9.40719	-17.3757
0.747339	-13.5954
2.67876	-6.11448
3.81633	-23.9168
2.51116	-31.1553
-0.8352	-29.7838
-0.792154	-31.1676
-1.10324	-30.4104
-0.114674	-31.2037
-0.724317	-33.7923
0.210076	-33.1667
2.08372	-36.5703
0.749723	-34.4167
1.00572	-33.162
0.210127	-33.222
-0.663727	-32.7067
-1.64666	-32.2757
-2.33183	-30.3594
-2.19991	-29.9342
-3.64207	-28.3166
-2.20801	-26.2028
-2.19368	-23.9624
-1.42948	-19.6033
0.599725	-16.0881
6.89752	-22.9879
9.72804	-29.4294
8.389	-26.8951
5.91657	-21.9333
7.24454	-23.1693
6.84854	-22.6655
8.2702	-23.0175
8.72674	-24.7227
9.71015	-22.9161
8.56304	-20.9425
8.64042	-22.0382
9.03775	-23.3716
0.258779	-18.1725
-1.92539	-20.399
-0.593969	-22.024
-2.04705	-18.8782
-2.47325	-19.0944
-3.98113	-17.9462
-4.66129	-17.5638
-5.11051	-14.9176
-3.63744	-16.1756
-4.52531	-9.52922
-4.23234	-2.731
4.37467	-1.91102
3.16777	-7.31489
0.0412623	-9.22004
4.85875	-16.6015
4.38448	-21.085
4.57136	-25.3226
4.3955	-28.5658
5.5542	-28.8074
4.34976	-27.453
2.65588	-19.2237
-9.35767	-9.80563
-5.99487	-11.8705
-5.06112	-13.3694
-2.53512	-17.2096
-5.75017	-17.2039
-11.5715	-12.7974
-13.3913	-13.0205
-16.27	-10.266
-15.6165	-12.0215
-14.9684	-13.7888
-14.6614	-14.3846
-14.3486	-13.6388
-14.285	-11.8899
-12.0861	-11.0144
-9.68265	-8.81382
-8.96855	-7.90808
-8.82406	-9.49842
-8.9183	-11.9021
-9.6949	-13.9311
-10.7932	-14.1784
-10.6709	-13.6961
-10.8825	-13.3903
-10.2789	-13.4368
-9.63532	-13.8022
-7.91805	-14.5751
-8.98529	-10.4213
-8.58656	-9.64774
-5.71931	-12.6093
-6.0621	-7.79308
-7.17987	-5.95571
-9.71108	-4.7796
-10.433	-0.252114
-3.27699	-2.83074
-7.25752	-7.21366
-6.42501	-4.24818
-1.5469	-12.9425
-2.23332	-8.24334
3.8769	-8.80065
-0.112808	-5.69369
-6.3411	-7.42832
-3.6417	-9.67399
-2.7289	-7.47908
-5.61726	-5.40588
-4.26724	-6.0739
-4.32885	-5.5189
-1.97173	-6.40142
-1.5099	-6.19963
-3.05086	-4.65232
6.26475	-4.06117
3.3309	-5.63117
10.1912	-2.65778
7.31883	-0.975403
3.76867	0.42247
1.70412	-4.68866
-7.73544	-14.9526
-5.76573	-15.451
-8.58088	-4.18194
-3.7617	-21.8985
-3.97503	-27.392
-6.25679	-26.1377
-3.57077	-25.7104
-0.211903	-16.4529
1.72352	-20.8595
2.94711	-20.3318
3.92196	-20.5827
1.9583	-16.9289
2.99164	-17.9791
0.3789	-14.6921
0.16065	-17.0557
4.96739	-13.0319
-0.579201	-9.30606
-1.19355	-3.88424
-5.98342	-2.42127
-9.41399	-3.99617
-11.5474	-5.67771
-1.9002	-3.35534
1.00287	-3.35458
-1.87689	-0.702566
-2.76879	-4.76914
-0.762335	-5.73655
-2.64001	-1.4213
-12.1032	-16.3325
-11.2145	-19.0101
-4.15707	-19.9032
-2.88133	-16.0534
-5.43815	-7.28438
-10.4927	-8.73932
-6.68367	-12.3916
-1.8234	-23.052
-6.49134	-24.8574
-5.41318	-25.2001
-8.07846	-20.0111
-2.42057	-20.5175
-0.981088	-12.3149
-5.24858	-5.07928
-14.2644	-7.88138
-11.7196	-2.56891
-13.6624	-14.6586
-15.7811	-8.55137
-11.4223	-1.5138
-13.5023	-11.2164
-12.0692	-12.2202
-6.64961	-16.3619
-8.33527	-10.2802
-4.4631	-14.229
3.25047	-2.95816
-0.7818	-15.5298
-4.03908	-8.32795
3.26933	-13.2583
-0.0247206	-12.986
-0.854766	-10.5281
-0.836045	-9.75174
6.03583	-8.8413
0.736052	-7.95143
4.15382	-10.2648
1.42043	-19.0412
8.64718	-11.5624
5.19242	-12.3671
7.51957	-19.015
8.0683	-17.9411
2.80543	-16.29
2.73353	-13.8205
1.33218	-12.2104
0.785018	-10.8563
-3.37978	-7.83059
0.917865	-13.2538
-2.37033	-9.94801
2.99202	-7.50642
6.7527	-3.76212
12.8875	-0.186876
12.2079	1.62062
-16.9864	-10.7166
-10.0083	-6.96584
-7.06389	4.03382
-8.45101	0.218977
-14.1313	-10.7504
-13.5568	3.02782
-12.1386	-9.48795
-14.0839	-6.55897
-15.5461	-7.26906
-8.31647	-4.82938
-8.00365	-6.5848
-6.79415	-5.27271
-7.06661	1.9703
0.907772	-11.969
-2.96976	-3.47839
1.26608	-0.980247
0.370613	-0.288049
6.7724	-4.90301
3.75384	0.418861
5.88583	1.03541
-2.00123	-5.84193
-1.13404	-3.24043
2.75132	-8.18855
7.66683	-7.12388
6.8749	-0.779662
3.19021	-6.31416
1.17744	-9.68804
-3.47312	-11.9008
-4.81702	-7.55264
7.80739	-6.44899
-1.80283	-5.16541
-0.412048	-5.22139
4.8669	-1.26037
3.03864	-2.84537
2.73222	-5.18231
-0.113396	-4.71308
0.633598	-2.51363
1.88756	-19.1539
3.97042	-16.3781
-4.51276	-12.4311
-6.37398	-16.5049
-5.54078	-21.6011
-3.47842	-23.6781
-4.67772	-21.3464
-4.80847	-25.4876
-6.1406	-28.8929
-7.60457	-31.6433
-7.19169	-30.5526
-2.87865	-31.0407
-1.14837	-27.487
-0.0389659	-24.6405
-3.2379	-17.3904
-4.76664	-11.8689
-3.34839	-11.2228
4.95505	-16.5292
2.53042	-16.7209
1.88974	-12.9257
3.92277	-13.8239
-0.423288	-9.61646
-11.7355	-3.00991
-6.48304	-10.3297
-12.7883	-5.92469
-14.9395	-4.95215
-16.5961	-2.5089
-17.283	-2.60413
-17.4098	-4.4951
-14.3398	-4.65152
-3.36231	-2.89552
-2.94778	-10.9624
0.517412	-11.7766
-1.25642	-10.3659
-0.0818254	-10.8154
-5.12699	-7.35048
-6.38114	-7.84323
-8.7768	-13.1774
-11.6447	-18.9598
-0.414675	-5.9661
-9.23783	-6.75752
-15.2646	-6.0886
-16.8968	-4.07459
-16.5703	-4.12303
-15.463	-5.08935
-13.3878	-1.57851
-4.14462	-8.63826
-1.65394	-14.3094
-1.26391	-13.8043
-7.05668	-19.6671
-5.02092	-9.31929
-5.92644	-9.65936
-10.2566	-19.7568
-5.58406	-15.2344
-9.26883	-11.4625
-11.1091	-9.25387
-9.11116	-9.74534
-11.4613	-8.70259
-11.5244	-7.98508
-11.5651	-5.75633
-10.2727	-7.34713
-6.18909	-14.0212
-8.24055	-13.514
-6.87521	-16.1911
-4.93772	-16.6464
-4.58408	-16.34
1.05507	-15.9924
3.74077	-13.5973
5.22836	-13.3757
4.67915	-14.0315
4.2165	-14.5018
3.48601	-14.429
4.60431	-14.4861
6.69043	-15.9578
3.21201	-12.5567
4.40153	-14.9925
3.0936	-14.6159
1.83939	-15.0938
0.474962	-12.7261
-0.995519	-9.79896
-1.79642	-8.65168
-14.6686	-17.932
-20.423	-13.1611
-21.2489	-12.8835
-21.6917	-10.4848
-22.1651	-8.85116
-22.8657	-9.07916
-24.789	-8.76208
-24.628	-10.7368
-23.8606	-10.3374
-20.7483	-12.415
-13.4019	-13.3817
-7.2133	-14.0427
-3.54984	-9.1525
-2.666	-11.0378
2.11735	-6.79226
-0.553781	-6.815
0.317831	-1.05408
4.89966	-7.02217
1.13724	-7.60546
2.52024	-15.4226
1.47894	-17.3992
2.21003	-21.8171
-1.60549	-23.1013
-4.34429	-21.3256
-7.42193	-18.7342
-9.35716	-16.8626
-14.9582	-13.8792
-15.9954	-9.61771
-14.1608	-8.75021
-13.4425	-9.84568
-15.7067	-9.21804
-11.6525	-12.4612
-15.2313	-9.07356
-15.3053	-10.5392
-15.5008	-8.45703
-16.3066	-6.65785
-14.9789	-7.21138
-13.6469	-6.13786
-14.2669	-7.26552
-17.0323	-2.58996
-13.4067	-7.54053
-13.6519	-6.306
-12.4913	-8.76433
-9.72882	-7.88621
-7.8717	-9.05261
-5.29004	-8.40506
-3.96896	-7.34257
-3.06867	-8.96185
-2.69452	-8.86901
-1.87854	-10.8194
2.22248	-14.3387
4.55147	-17.0931
5.98675	-17.2744
7.61684	-22.3683
7.32728	-20.6132
3.70574	-19.1697
4.79539	-20.8238
4.38864	-21.0173
2.2643	-14.5559
-1.28963	-10.2188
0.897208	-13.1335
7.86577	-10.4124
6.30413	-3.27925
1.14178	2.52649
-2.98686	-3.72319
-5.60959	-1.46626
-9.78065	-2.48585
-10.8647	-9.4186
-7.5865	-12.126
-5.59195	-15.9698
-5.88631	-9.01636
-2.88357	-10.154
-1.3694	-8.69679
4.89121	-8.70482
-8.87838	-19.316
2.38477	-31.9853
0.325323	-30.5925
-2.42748	-27.02
-2.61434	-26.7337
0.284155	-27.2707
-8.77133	-17.7647
0.677426	-23.3283
-8.53663	-22.4415
-2.63245	-18.8829
4.5666	-10.0361
0.115348	-7.47144
-8.15111	-8.75414
-12.4895	-9.67687
-9.10031	-6.54423
-9.41124	-4.87273
1.01008	-4.01902
7.6551	4.25765
-0.20417	-15.3668
-2.28465	-8.6312
-3.14132	-9.2599
-1.30566	-13.0311
-4.94104	-12.7383
-10.8426	-6.85756
-1.09691	-15.1859
9.65688	-15.737
2.41961	-20.5939
-12.9603	-5.07617
-7.67934	-9.65747
-7.30211	-11.915
-5.3193	-11.537
-3.30192	-10.5796
-3.58204	-8.30873
-5.59883	-5.40276
-9.04359	-2.26977
-10.1326	-13.0066
-3.49089	-13.8578
-3.32698	-20.5691
0.112239	-15.8928
3.65406	-3.85373
1.73023	-3.70174
-10.0363	-13.7003
-7.61215	-9.20719
-8.19825	-13.3628
-7.60655	-13.9336
-8.94144	-9.98756
-9.78318	-13.035
-6.67095	-20.4725
-4.54957	-14.6868
-0.803891	-9.75045
3.01653	-15.4163
0.31287	-23.8358
-1.7972	-27.0155
-2.35578	-23.7599
0.534533	-23.8441
8.24306	-17.5251
4.65274	-9.26931
-0.588816	-10.3565
1.46394	-11.0107
2.19732	-2.43204
-0.54903	-4.22111
1.68269	-4.10873
-1.09851	-12.9408
0.862685	-2.85575
-17.7064	-4.57638
-16.2466	2.71421
-9.33723	-3.59194
-21.0908	-11.9574
-4.34856	-8.2105
-2.54963	0.0745414
-0.79777	-14.7701
-14.4369	-14.4839
-12.1015	-19.0014
-12.72	-16.6327
-11.6468	-16.6933
-7.25846	-18.0275
-3.14825	-20.4495
-5.39173	-15.4884
-5.56408	-17.8565
-3.79209	-20.8196
-2.05778	-16.7787
5.48461	-11.8907
5.79436	-2.28624
5.3658	-4.7301
-20.9657	-17.2141
-17.0216	-10.3226
-4.73948	-15.1709
-1.5672	-10.602
2.23406	-7.95365
3.7368	-4.56016
9.55628	-5.38157
1.66797	-6.84636
-5.31109	-14.9502
-9.62811	-10.8769
-6.6015	-15.6065
-8.22312	-16.3097
-12.7996	-11.3964
-14.6424	-8.3392
-16.4575	-5.79046
-20.7577	-4.52092
-20.3951	-9.32661
-19.7819	-11.8687
-20.3629	-16.8641
-15.5004	-17.0846
-15.9237	-15.0665
-7.77709	-16.5427
-10.731	-13.4897
-7.87173	-20.1381
-2.03133	-19.9935
1.26308	-16.4468
2.18743	-0.456644
2.16937	-3.79784
-0.902801	-9.96153
2.2155	-11.1101
3.46219	-2.2017
2.20544	-13.2385
0.440956	-11.3271
-4.97678	-9.06168
-0.18866	-9.34173
0.0413424	-6.00405
-2.53561	-10.301
5.52084	-2.20119
-1.04755	-10.0826
-0.213235	-8.24994
4.16767	-3.52753
-0.115417	-4.6108
-0.537939	-1.73801
1.47797	-7.36673
-3.24563	-3.99927
-0.228332	-4.22564
3.74503	-4.55448
1.18014	-6.41089
0.574585	-5.93728
1.03549	-5.81172
-1.24704	-8.51826
-7.25201	-11.2901
-1.47041	-0.989687
-4.46821	-12.0186
-5.23363	-7.22886
-7.78377	-4.67316
-10.4912	-2.99441
-12.0155	-1.46243
-3.31918	-12.519
-9.29508	-5.00067
-11.8524	-4.71264
-13.6574	-5.21836
-15.2927	-3.96357
-15.5434	-5.81374
-15.3735	-6.63677
-14.6777	-6.57087
-13.4731	-7.85948
-13.5938	-7.39699
-12.1556	-6.40866
-13.2221	-5.08541
-11.5222	-4.8849
-9.0431	-6.27293
-6.20675	-7.78088
-3.83876	-11.5984
-2.0114	-14.6477
-0.815889	-14.6769
7.52928	-21.4205
-1.8285	-18.0612
-1.68781	-12.8999
-3.37728	-15.673
-0.139714	-10.188
1.24305	-11.6756
-6.86058	-5.8701
-12.2264	-7.60525
-19.435	-6.67308
-18.5352	-4.85242
-10.5917	-2.72292
-9.52517	0.205338
-7.27265	-7.72564
-8.40439	-7.18271
-11.834	-9.19809
-8.46845	-6.35259
-8.12309	-0.0907099
-8.84895	1.05238
-7.59676	-0.210309
-6.96856	-3.52822
-10.7195	0.0846381
-8.42055	-3.57259
-8.19525	-1.59119
-7.80785	1.37764
-8.70164	-1.64842
-6.39249	-1.8752
-6.23645	-4.74761
-3.3188	-3.71451
-0.164194	-4.07147
2.43137	-9.90512
0.599398	-8.67179
4.19274	-12.2633
1.89243	-16.2649
1.73403	-20.0213
-1.8171	-20.9485
-0.6424	-26.6102
0.745049	-32.0611
0.0187794	-33.8351
-1.50794	-33.432
-0.421308	-35.6375
-1.14047	-35.5463
-1.31877	-33.7526
-0.818564	-33.9563
-0.520858	-32.3867
-1.1299	-31.5793
-1.30993	-31.0233
-2.81891	-29.6892
-4.29624	-30.4962
-4.04813	-30.4362
-3.73735	-32.5391
-2.44808	-32.1359
-0.465269	-30.76
-3.50928	-27.9527
-6.10389	-19.329
-12.0957	-12.0898
-12.3993	-12.6581
-17.2434	-8.59918
-19.9906	-9.41921
-18.7395	-14.2356
-23.8589	-9.45434
-25.8379	-10.5916
-20.0248	-17.4677
-24.2858	-11.9761
-25.4116	-14.0255
-24.7355	-14.249
-19.6835	-14.9232
-9.13099	-10.5072
-3.61273	-12.1708
4.10211	1.85843
5.23908	-6.77079
8.31322	1.13109
0.993833	-3.177
-7.88987	1.39002
-11.5209	-7.87001
-9.3692	-4.47808
-12.5206	-9.28032
-11.564	-5.63648
-12.1808	-7.7622
-8.16476	-6.46339
-6.2572	-4.90194
-0.159537	-7.54852
-3.1891	-7.93186
-6.18945	-6.2619
-2.59944	-10.2817
-2.41753	-12.3575
-2.26136	-12.3595
-0.736047	-13.4933
0.0185725	-17.1022
0.23504	-16.7321
-0.135088	-24.9095
-1.25908	-21.3536
-4.75293	-15.8201
-4.51551	-14.8364
-1.62048	-14.5622
0.0989832	-18.1207
5.27496	-9.28122
-0.151166	-6.16309
-2.76589	-12.9151
-2.70238	-16.5753
-11.4296	-13.4297
-22.9034	-16.3912
-13.6601	-9.65175
-10.8398	-4.88009
-12.2182	-8.86002
-4.22726	0.676759
-7.89103	-11.0399
-12.4844	-10.8827
-12.0843	-10.8471
-2.63638	-16.0533
1.43259	-21.2119
1.0208	-21.5808
0.479058	-20.1414
3.35755	-23.9464
2.68648	-23.226
1.62223	-20.722
-0.205824	-17.3831
-3.46071	-17.7241
0.263325	-24.942
-1.03457	-26.4995
-0.501227	-27.142
-1.51833	-24.9551
1.05122	-24.3712
-2.20885	-23.9795
-2.35046	-23.7719
0.757297	-22.5653
-0.898884	-24.5945
3.72593	-22.2549
5.08448	-18.8834
4.96158	-22.0728
7.41455	-8.84809
4.42254	-17.5776
7.18979	-11.8376
6.05574	-11.9648
2.2912	-11.9061
6.02745	-12.364
-4.84343	-14.8128
0.279133	-6.17376
-3.15205	-6.47226
1.08742	-6.16402
5.35359	-13.5639
0.801164	-2.87719
2.05188	-5.3544
1.81159	-3.89315
4.69009	-2.16875
2.47563	-9.69501
-0.837667	-0.248776
0.238866	-2.06609
-2.05927	-6.64612
-2.62574	-3.80451
2.7176	-2.97973
3.42474	-7.27807
2.10282	-11.5114
-1.65333	-3.15064
1.42793	-4.86397
8.80926	-4.02002
7.82062	-0.900857
-3.17074	-18.507
3.22922	-18.2635
-2.03085	-15.9619
0.378666	-16.8594
4.70061	-16.4195
4.41375	-15.8923
-0.106767	-18.7956
-5.90922	-16.9067
-11.1666	-12.8268
-11.3231	-11.5512
-11.3407	-13.3248
-10.4718	-13.8894
-6.12706	-15.7044
-1.81566	-15.088
-2.60625	-12.4765
0.103566	-13.3535
1.46243	-18.8447
0.281566	-22.0326
2.25035	-30.038
-0.196419	-31.654
-0.797777	-30.253
0.323534	-25.9205
2.71778	-25.6491
-0.219769	-16.832
1.41464	-11.7192
0.596904	-8.65789
8.14109	-3.71408
10.6062	-1.54304
9.54826	-2.95995
3.18935	-2.57523
5.88242	-5.02665
4.1768	-4.8123
-3.16698	-11.2343
-7.44743	-10.8512
-7.67087	-9.9032
-8.32378	-7.34233
-9.79456	-4.96963
-9.02387	-5.45192
-3.68931	-10.687
-2.27866	-14.8287
4.36682	-11.8672
7.81558	-6.92162
-3.88258	-7.96237
-9.67048	-11.5036
-13.0009	-15.4915
-14.9243	-11.5876
-9.42821	-9.94649
-11.4444	-3.51939
-9.09003	-4.44304
-14.2492	-7.08814
-11.1744	-9.27952
-7.11355	-16.4563
-2.91527	-10.9983
4.59642	-15.3982
1.52611	-25.827
-0.0749335	-28.8563
-4.04574	-22.4528
-6.07832	-21.1235
-8.72331	-20.1814
-9.85811	-19.2522
-10.1984	-17.8298
-10.6424	-16.5115
-11.1546	-15.5903
-11.8714	-13.9674
-10.1816	-13.5223
-11.2703	-12.5126
-11.2203	-11.7365
-9.09673	-12.8951
-10.4098	-11.0898
-8.75424	-13.1963
-11.1212	-9.77849
-13.4268	-7.93774
-13.5268	-9.37661
-15.0707	-6.44944
-16.5954	-5.78957
-15.2023	-6.9843
-14.643	-10.1097
-14.7327	-9.19753
-14.5099	-9.55816
-15.277	-6.20173
-13.0501	-6.27891
-7.23269	-11.4146
-3.64522	-17.6166
-5.23385	-10.048
-1.83285	-10.6232
3.03804	-9.8736
-5.18084	-8.79587
-5.70404	-3.17331
-4.31232	1.49632
-11.5494	0.041921
-12.9251	-1.19044
-15.487	0.563606
-7.04528	-5.90987
-9.06029	0.906386
-8.9905	-2.92536
-9.34014	-1.24356
-8.34532	-4.33762
-4.49601	-9.14093
-5.46509	-7.35282
-2.58048	-6.32955
-8.03404	-9.40685
-6.6943	-10.7565
-5.62336	-10.7582
-4.5754	-13.7446
-1.89474	-15.9152
6.27256	-17.3054
7.2606	-20.3313
5.97968	-21.285
7.92622	-23.5093
6.2701	-23.0924
5.68964	-22.8584
5.54932	-24.3902
4.74692	-25.4786
5.28762	-26.4725
5.4767	-26.856
3.92715	-30.7163
0.860132	-29.9042
4.30506	-31.2879
5.27217	-24.0577
0.968638	-18.1548
-0.942997	-21.1529
-2.61498	-27.278
-2.72532	-29.9486
-3.74071	-31.5373
-2.20016	-35.2884
-0.976712	-34.801
0.575337	-34.3467
4.8231	-35.3025
5.74813	-36.9561
3.53672	-23.8587
3.50314	-18.1277
6.97711	-13.9132
7.4643	-16.3397
-2.43528	-19.437
-9.27122	-14.0228
-11.4055	-6.21422
-16.5437	-0.759021
-15.8767	-7.84822
-6.13161	-14.2344
-1.07378	-10.2184
-6.10163	-8.67819
1.51276	-3.35392
-0.928875	-13.3288
-4.86333	-15.2404
-10.1485	-11.0808
-12.356	-10.4286
-8.23149	-14.5089
-6.07754	-18.2266
-7.07526	-17.8305
-6.16539	-16.7587
0.0762556	-8.30894
-1.00645	-8.62167
3.80616	-4.82798
-3.19866	-9.36343
-2.86954	-11.6441
-5.27218	-13.1297
-8.50003	-19.5887
-2.61871	-10.6408
-0.349425	-12.1901
-3.20849	-19.7584
1.59952	-24.873
2.58538	-23.8679
1.04979	-20.7871
3.4352	-18.6394
2.71945	-26.3247
4.03123	-24.9294
5.08666	-24.5148
3.40931	-23.1218
4.89764	-23.0691
4.26356	-24.57
0.40795	-20.9625
-6.04582	-14.6976
-10.7892	-15.2477
-12.5643	-13.2202
-13.5011	-15.459
-13.5442	-18.14
-11.0705	-20.4212
-5.69754	-22.2274
-2.24392	-20.5612
-1.6047	-18.8202
-0.375302	-17.2442
0.704876	-19.1262
-0.791662	-17.8032
0.633905	-17.8543
10.2142	-18.1064
7.7969	-23.1966
7.18435	-21.7184
8.31951	-22.1711
9.92661	-22.1344
8.42899	-20.4463
6.98519	-17.4665
0.821609	-14.4094
-2.95715	-11.558
-2.94836	-11.4772
-4.40129	-10.0982
-3.80561	-10.1039
-3.96914	-8.08289
-5.10012	-8.93827
-1.55696	-14.7298
6.72918	-14.2367
9.57092	-14.9923
6.18611	-14.6246
4.14109	-9.67392
0.176221	-8.87128
3.18156	-11.3737
3.23042	-10.5549
5.26825	-2.31891
3.89406	-0.845385
-1.29918	-4.52846
0.653784	-5.05641
0.476255	-10.898
13.969	-4.55647
3.94139	-8.92739
4.46809	-7.50471
3.16977	-13.9396
0.517088	-20.0672
2.41992	-26.0189
-4.48907	-21.7228
-6.18385	-23.1672
-7.24379	-21.3087
-7.13139	-19.8967
-6.13646	-18.9707
-4.29998	-16.4185
-1.97069	-20.4868
-3.01347	-12.9229
-0.512715	-11.0935
-1.61678	-15.5416
-3.21529	-2.30123
-1.83301	-4.93109
0.54751	-5.99506
-0.00818735	-4.78562
3.91978	-5.63698
0.522267	-5.64326
7.55163	-10.5527
-0.395692	-8.21241
-7.96842	-7.08753
-12.0657	-5.66369
-12.7715	-5.61016
-11.2686	-8.17682
-8.24862	-11.8361
-8.94569	-11.1308
-9.05349	-9.49542
-13.6115	-4.23318
-11.1418	-6.80189
-5.79816	-8.59095
-3.49062	-1.75824
-7.57634	-1.03954
-12.9061	-8.02336
-15.0245	-4.55617
-16.5348	2.72308
-17.046	2.89878
-12.7008	2.33827
-19.3531	-3.50575
-13.7874	-0.588329
-9.59085	-0.377801
-10.7304	-3.3253
-1.90524	-8.36529
-11.6641	-9.64149
-13.5693	-8.91081
-15.3851	-7.06761
-10.5099	-12.5403
-11.3707	-13.3895
-10.1615	-13.8385
-14.4666	-10.3373
-19.1011	-5.15131
-20.4867	-6.48027
-21.1676	-7.28587
-11.9516	-5.91277
-2.33648	-12.0252
-0.602262	-10.1399
-2.99073	-11.4405
-7.15201	-16.1514
-1.08987	-16.1995
-1.92023	-10.0912
1.56969	-4.76443
-6.01079	-22.3915
-15.8581	-19.2293
-12.6595	-20.8382
-9.47198	-22.3719
-7.8988	-21.1014
-3.79393	-20.6067
-3.01306	-20.0643
-3.26241	-18.668
-0.798571	-18.6148
-0.539715	-17.6204
-1.14634	-15.7098
0.918095	-17.0393
-0.4249	-15.5549
-0.896678	-15.4122
-1.78981	-11.6777
-4.85301	-4.10738
-5.54972	-13.8687
-5.55806	-15.5249
-3.31343	-19.3593
-2.54655	-20.1076
-2.39796	-17.481
0.57842	-23.1089
1.65868	-25.9962
1.57682	-26.0807
0.75243	-25.7071
0.101956	-24.2355
-0.390085	-24.5882
-1.34491	-24.6666
-0.33957	-25.4762
-9.42759	-24.0061
-6.22772	-29.217
-2.78401	-28.5113
-7.86633	-23.6676
-6.37958	-22.1838
-4.21941	-23.2823
-0.892626	-23.8595
1.8912	-21.563
0.533975	-23.2076
2.06054	-23.2114
3.58694	-19.8629
1.79306	-11.831
-0.984432	-7.46938
-3.77291	-6.448
-5.47592	-7.2124
-7.81107	-5.3482
-12.2001	-2.02073
-5.93613	-8.18197
-9.96348	-0.0757692
-8.36244	-6.70818
-7.70983	-4.30785
-9.3558	-8.45507
-7.67836	-2.28592
2.64961	-5.31263
4.19116	1.5092
0.636377	-5.30535
-1.20121	-6.78682
3.93388	-9.93024
2.48011	-9.10326
-3.84107	-10.0418
-4.48935	-2.75865
-3.64312	-13.668
-3.09786	-8.7679
-8.43369	-0.867841
-8.23104	2.19346
-8.28948	-5.45477
-15.2288	-6.63435
-16.2265	-6.05779
-17.9212	-4.64285
-13.0385	-5.96718
-5.14793	-7.17437
4.99481	-17.0225
6.54608	-16.6033
7.59421	-14.2945
9.60689	-17.1009
8.5497	-13.7078
-1.71742	-15.8271
-2.59468	-10.2022
-0.198338	-10.3261
-3.25745	-8.78221
-1.71767	-10.9601
0.677559	-12.8736
-0.813815	-11.2425
-2.574	-8.3107
-3.81314	-6.36921
-3.45971	-8.23428
-2.69432	-9.21719
-4.09723	-7.1836
-3.94527	-7.28003
-5.75787	-7.01654
-3.3467	-9.5499
3.19492	-5.57247
-0.819275	-10.6696
-2.09816	-13.0721
4.80086	-8.15483
5.37888	-5.35025
-0.157846	-4.65543
-1.46701	6.51828
4.06139	4.73119
-7.00301	-10.4958
-8.85414	-10.5582
-14.99	-4.96505
-14.5557	-2.85269
-12.5649	-5.83325
-9.69751	-9.04448
-10.2912	-10.3237
-10.4203	-13.2673
-13.1029	-11.4403
-11.4014	-10.8139
-9.44694	-10.7028
-6.24745	-14.7528
-5.02579	-22.2572
-3.80996	-27.3822
-2.68945	-29.0066
-1.38551	-14.8653
2.21413	-18.6597
3.66923	-21.4202
1.65778	-21.0624
0.015786	-20.577
0.721654	-15.9452
0.0372787	-13.1152
1.22278	-14.7116
4.61323	-5.03879
-8.1668	-12.3388
-11.5332	-12.1389
-9.11218	-7.402
-6.06331	-10.5917
-7.69321	-7.75313
-11.2829	-6.36513
-3.07421	-12.8445
0.222334	-4.62433
3.1049	-4.11699
1.17544	-7.76438
3.50013	-7.10753
3.03132	-6.55523
3.88347	-8.99257
5.17572	-20.3984
3.08504	-26.1062
-1.14564	-25.6469
0.805491	-32.1337
0.240172	-31.8798
0.270448	-32.2893
3.30104	-26.9388
0.631619	-16.9587
1.1181	-21.0725
-1.31039	-23.2767
-3.89338	-21.675
-5.36803	-18.0577
-7.36433	-14.4819
-7.61877	-12.9662
-7.95693	-12.3254
-8.52311	-11.8027
-8.53067	-13.4415
-7.27285	-15.0881
-9.02215	-12.0546
-13.824	-6.59378
-13.7806	-7.15908
-10.5714	-9.94334
-2.27298	-12.0424
1.23414	-5.0884
2.31914	-10.2294
-5.61834	-17.5656
-4.23949	-15.8311
-6.31897	-11.1134
-7.88811	-10.0632
-10.7895	-8.18088
-2.93594	-6.8819
-11.9971	-10.8839
-13.278	-9.72779
-8.73724	-12.6151
-7.36289	-15.096
-5.90925	-9.74309
-3.93008	-6.925
-6.48386	-10.2089
-7.86763	-8.90861
1.99369	-5.4787
0.019297	-6.58873
-2.45789	-6.62139
-9.69602	-14.3689
-6.23545	-14.9511
-6.08952	-16.4893
-8.17036	-16.1958
-2.64715	-11.7247
-2.64861	-12.8443
-5.20822	-11.1136
-6.64704	-9.96184
-7.5172	-8.61059
2.41832	-12.6035
9.00833	-17.5143
10.924	-17.176
9.29041	-15.1028
7.7337	-14.1446
1.24523	-12.8431
-5.42691	-13.3936
-11.9264	-4.93917
-10.1858	-3.8922
-8.60291	-3.93381
-7.101	-6.59104
-6.71059	-8.59003
-5.76896	-11.7932
-3.70806	-16.9151
-3.32947	-17.5106
4.66938	-11.773
-1.0016	-6.85917
-1.06624	-8.51615
1.42941	-2.97504
-4.10876	-5.71155
-5.12777	-5.90716
-5.45732	-15.2251
-11.601	-22.2411
-0.593498	-25.7136
-6.03513	-25.8128
-3.35382	-29.4341
-4.18946	-26.3028
-1.19478	-26.8181
5.82853	-28.9329
4.78201	-22.6071
5.33353	-17.035
1.3289	-14.749
0.13303	-14.3041
5.69022	-13.7436
5.19986	-14.1923
4.52631	-12.2266
4.84393	-13.357
5.97637	-15.6171
4.98714	-14.0328
7.08202	-9.48108
1.4976	-12.1456
0.32406	-14.8157
-0.447695	-22.1444
0.336819	-25.0235
-2.74048	-19.8588
-4.72201	-15.1404
-5.66796	-13.0477
-8.61777	-10.0998
-7.27934	-6.02093
0.775086	-8.31115
7.16959	-9.68629
3.64541	-15.095
-3.50599	-15.7404
-3.98253	-12.1671
-2.72104	-9.57017
-6.30148	-14.2716
-8.96479	-10.9733
-7.18441	-8.99125
1.34433	-7.67652
3.16506	4.16571
-6.83469	-10.2608
-2.44941	-3.78287
-10.4656	-11.5712
-9.76729	-9.9662
-2.42474	-10.5146
5.34984	-14.097
7.5197	-16.8781
8.47954	-17.6387
8.11364	-16.8943
8.06166	-17.9154
7.66058	-15.2917
9.22492	-17.2911
8.38324	-16.4474
9.05548	-18.1622
8.84322	-19.2513
9.01621	-22.8791
10.307	-22.9745
6.27501	-15.1622
-4.17992	-12.9846
-6.45463	-13.7651
-6.25588	-14.8508
-4.17401	-16.8447
-3.28654	-16.8598
-2.88046	-16.513
-7.41672	-10.9467
-7.12672	-12.6738
-8.09197	-12.7828
-3.62348	-14.5402
-2.31201	-18.2465
-1.28629	-20.8525
-4.03413	-19.6066
-7.33313	-18.0375
-9.66993	-15.0089
-9.66468	-15.69
-7.64495	-16.2102
-9.77285	-10.5834
-12.377	-4.9528
-9.3266	-8.44418
-7.31214	-3.00455
-5.63613	-5.85465
-11.7714	5.81166
-18.5501	1.59507
-9.02001	-0.173678
-11.1852	-5.61361
-13.4279	-0.777956
-18.1962	-5.83758
-12.6786	-6.17473
-3.70344	-2.17704
-9.01357	-6.5684
-17.3021	-4.29106
-15.0613	-4.01705
-14.0382	-3.76832
-11.253	-6.69954
-12.7098	-4.62582
-13.4335	-7.92821
-7.27353	-12.585
5.04887	-13.9939
6.11982	-10.6389
5.82081	-6.44559
-7.04938	-2.36606
-10.6445	-9.1979
-9.53665	-6.75927
-8.82189	-10.6365
-9.26301	-10.9158
-8.35596	-7.95614
-7.16258	-6.00011
-4.68679	-6.38531
-0.615519	-6.89005
0.976838	-5.93606
1.72764	-6.34605
2.47708	-6.69484
3.07898	-7.62529
5.84466	-10.5482
6.89223	-13.9228
2.17846	-13.0551
5.38559	-17.15
1.88086	-16.2252
5.93284	-19.1568
4.56238	-8.46515
6.66004	-17.0638
1.05899	-10.8583
3.16375	-16.5942
2.18224	-15.3118
-0.223169	-14.9456
0.932926	-11.5635
0.46095	-11.7924
9.20702	-7.96168
9.60824	0.289907
10.8387	4.42182
4.31484	-2.24127
3.92038	0.661647
1.03282	4.62692
-0.315383	-3.32552
6.36593	-1.42226
1.84509	0.603899
0.271901	-3.94045
0.817699	-8.37108
-0.768952	-3.46725
-1.45367	-6.90069
0.0232798	-7.87337
1.89178	-2.37617
2.12005	-3.2707
-4.4444	-3.19225
2.09439	-2.2722
1.09733	-7.70402
-2.15006	-0.308318
4.27108	-1.88699
2.62716	-9.75049
5.32915	2.08272
3.37731	3.76482
2.38906	3.67711
5.81868	-3.46788
-10.0111	-19.5919
-12.588	-24.4053
-10.5246	-29.4763
-9.20374	-25.1628
-8.3581	-21.7067
-1.92547	-17.6745
-1.78426	-16.2907
-1.8878	-15.4128
-0.587982	-13.1254
0.605448	-11.5209
0.973879	-12.9848
0.126376	-13.2435
-0.171328	-12.1462
-0.543385	-12.0263
-0.474685	-11.8086
-1.79316	-14.1662
-5.45601	-16.9788
-9.36234	-16.1529
-11.6465	-8.67692
-13.1216	-1.68801
-9.97084	-1.55993
-9.59425	-1.90233
-1.93738	-5.33125
2.65516	-2.33735
-6.85814	-7.50908
-9.57198	-0.607655
-3.68721	-2.06887
-9.4292	-4.32065
-11.4472	-7.6861
-9.16948	-15.7074
-8.32325	-12.997
-7.57097	-10.0527
-0.945578	-20.8338
-3.46728	-19.743
-8.71887	-13.454
-4.59931	-16.8105
-4.54167	-21.0852
-5.74006	-23.4416
-6.48118	-27.6152
-8.29656	-29.3656
-9.4154	-30.8942
-11.04	-27.8849
-10.0575	-29.2015
-3.76879	-15.8528
-3.32	-15.8086
-4.29034	-18.0034
-2.65633	-19.2865
-2.31245	-19.4356
0.846039	-17.0326
3.19454	-15.5036
2.07322	-16.7559
2.53354	-17.2709
1.48242	-8.40467
1.7453	-27.6983
-2.4831	-19.7052
-4.44282	-21.3662
-4.90659	-18.529
-3.55507	-16.3679
-4.06958	-16.742
-6.041	-16.4183
-8.98299	-15.0717
-9.24875	-14.372
-7.63529	-12.0097
-7.13277	-12.0539
-6.0443	-14.0582
-3.36839	-17.6528
-2.76729	-15.447
-2.87893	-11.0888
-0.154869	-9.22678
-0.288088	-14.1608
0.407849	-5.34121
-8.93654	-4.07591
-21.6152	-4.66751
-10.3527	-6.23678
-6.85323	-10.0513
0.281283	-0.860418
-3.91915	-1.50824
-8.15838	-10.8524
-6.17944	-17.8347
-1.33827	-13.0131
-1.20777	-13.8802
-2.88255	-14.9296
-5.72034	-16.2117
-5.89099	-17.1424
-7.77314	-13.9328
-8.57876	-10.6501
-7.18326	-9.61229
-4.62788	-11.3203
1.00979	-18.0957
4.61718	-23.438
3.90862	-21.3899
6.85564	-23.5639
9.63996	-24.0075
10.7857	-23.8059
7.54431	-20.17
-5.78661	-9.00417
-0.352545	-13.407
-2.07737	-11.1444
-1.35748	-10.9918
-0.966559	-10.9978
-2.19132	-11.2612
-1.82915	-11.2551
-2.56451	-12.5918
4.73434	-3.81737
-7.63999	-1.72675
-12.0072	-3.65092
-12.915	-0.538132
-6.3081	-3.30284
-7.37214	-4.93075
-6.4821	-9.0001
-6.1066	-7.55483
-8.13422	-17.4483
-4.67996	-16.6977
5.33658	-9.16625
-0.136692	-21.0325
-1.31539	-20.0861
0.941116	-22.9159
-1.0116	-21.2283
-1.15997	-19.9995
-3.65743	-17.3355
-4.50129	-16.0768
-5.91473	-15.4726
-6.71907	-13.8423
-5.50834	-14.1287
-4.31424	-15.0173
-4.17289	-14.3014
-6.14743	-11.6363
-7.68521	-9.66174
-11.0243	-4.74965
-12.1773	-6.29724
-9.50965	-11.8604
-0.554191	-23.1162
4.13845	-19.9689
2.66666	-19.436
-6.23493	-12.9924
-7.63705	-10.1703
-3.43932	-9.81336
-7.61126	-8.64924
-9.6417	-11.5109
-5.3513	-15.1177
-3.49148	-16.1171
-6.87296	-14.4985
-3.73608	-12.7164
-3.61256	-14.2766
-3.00121	-16.9792
4.91008	-19.1112
3.67124	-18.7928
-1.45954	-18.5506
2.2099	-17.4558
8.91598	-14.9583
0.979347	-17.8268
5.30308	-23.1987
0.144636	-18.7165
-0.172441	-25.1627
-2.85906	-20.8689
-3.67848	-25.027
-5.77677	-22.599
-5.66601	-24.6591
-4.06021	-25.0315
-5.86115	-24.6208
-6.90826	-22.9604
-3.32281	-24.1299
-2.60999	-26.8784
-1.7954	-25.5089
-1.31371	-22.838
0.498759	-22.1859
-0.187756	-24.4173
1.34332	-16.2382
3.716	-15.2907
6.08712	-15.7946
7.74156	-13.0163
14.2205	-6.60018
7.80499	-12.5221
7.62631	-3.39347
3.59833	-5.57552
3.0377	-3.68516
1.92084	-5.49294
3.16018	-5.1857
1.68113	-4.84209
1.65939	-8.20429
-2.54563	-6.5323
3.57976	-7.07352
1.7942	-7.08152
4.85735	0.249805
0.90928	-7.40071
-0.658548	-1.56274
2.07473	-5.57003
2.37746	-2.91317
2.76064	-1.8375
2.75752	-6.03749
1.14652	-3.4702
3.79236	2.90404
1.24894	-7.241
1.09514	-0.729734
1.47275	-7.54272
4.9363	-3.71905
-1.58926	-18.7166
-5.48545	-31.4604
-0.79277	-21.8053
7.42896	-18.4458
1.19979	-19.793
-4.92199	-23.7951
-3.24393	-27.7823
-4.39679	-31.1506
-2.24884	-27.1198
-3.90688	-11.6743
1.67808	-7.14501
-3.18046	-4.23196
-9.75257	-3.36918
-11.7203	-7.10277
-8.54043	-5.16228
-11.0717	-3.807
-6.05633	-11.2054
0.348105	-8.40687
-2.50069	-11.3413
-4.38607	-15.5482
-5.16517	-16.2117
-3.54183	-16.4533
-3.27503	-16.0283
0.960821	-21.2796
1.95204	-23.3272
1.78753	-25.4586
1.92016	-22.2881
-2.46432	-16.0932
-2.09951	-14.2807
-1.7853	-15.788
-3.66161	-13.9196
-1.45264	-14.2247
-4.57393	-12.2634
-3.80739	-11.9877
-0.702227	-17.2093
-2.22927	-14.1187
0.779501	-18.9842
1.78711	-28.2311
6.2548	-28.3692
8.74782	-29.8257
7.47401	-31.5977
3.78212	-27.4293
-0.477397	-25.2108
-3.54249	-21.2592
-6.64283	-19.1045
-8.91582	-16.2613
-11.3	-14.2509
-11.3956	-12.3972
-12.4217	-10.1295
-10.266	-8.44463
-8.30881	-5.27091
-3.69794	-7.91999
1.85924	-14.6702
0.614311	-14.0983
1.84973	-3.78303
0.493117	-7.34096
-2.66652	-16.1191
-4.4424	-13.6149
-7.72665	-13.4243
-6.36667	-15.6927
-5.52785	-17.9481
-4.88855	-19.5213
-5.17183	-22.1127
-3.23042	-25.559
-1.75093	-26.4955
1.28585	-23.0874
-0.933827	-23.134
-2.11002	-23.6053
-4.98258	-21.1251
-2.71871	-25.5189
-1.89299	-23.3315
-2.19394	-15.2558
0.42587	-14.5573
7.72424	-11.7075
4.30133	-4.43029
-1.11112	-17.3908
2.44422	-10.9625
0.982458	-13.117
4.47102	-24.512
-1.32221	-28.4556
-5.27868	-24.4507
-2.17835	-22.5095
-0.288444	-20.5749
2.01586	-16.8623
2.08025	-24.5435
4.05079	-22.6307
5.90723	-23.4665
7.19738	-21.6104
8.75132	-21.8678
8.34367	-22.1015
9.44536	-22.6798
9.01978	-21.11
3.7187	-15.1
-0.270239	-14.531
-0.715397	-13.4437
-0.209714	-18.7496
-0.608561	-19.6087
-1.60884	-21.8283
-4.63473	-23.1968
-4.69342	-26.163
-5.88257	-27.6709
-7.01476	-29.6005
-3.16084	-30.8807
-3.36298	-28.767
-3.19051	-26.708
-4.4395	-25.0733
-5.02093	-26.1142
-6.7209	-28.5602
-5.86539	-28.1479
-6.12479	-29.1459
-6.589	-29.8132
-5.15557	-31.2494
-3.25254	-31.5005
-3.15752	-28.0219
-2.60168	-24.9042
-1.59628	-24.0026
-0.786988	-21.0637
-1.28502	-16.6236
4.7142	-15.9738
9.55591	-17.3014
6.62047	-11.161
3.88364	-7.46425
5.32965	-11.3017
3.9341	-10.9383
9.22987	-15.464
2.33638	-12.3825
8.66756	-14.2166
6.44126	-9.80308
7.22025	-3.53457
5.7522	-12.7899
6.76361	-9.67036
3.86302	-8.78261
-2.09415	-7.77295
-1.22192	-5.54573
-0.031188	-14.6562
3.46754	-9.0545
-7.56988	-7.57861
-11.3087	-8.01833
-7.3885	-12.0201
-5.2835	-14.4315
-7.68878	-12.936
-6.98552	-16.2022
-5.26824	-19.866
-4.36758	-18.7513
-0.938711	-10.8758
-6.11618	-8.82706
-7.7536	-9.36443
-4.03491	-9.40053
-4.20764	-14.8619
-5.5159	-10.7052
-6.42898	-9.3506
-18.1755	-3.88965
-15.403	5.51774
-15.9256	-3.39118
-10.7946	-9.70757
-5.2923	-7.64935
-7.87728	-11.6422
-6.50385	-14.1237
-4.35163	-11.5579
1.98596	-3.29669
1.92761	-1.10658
3.37309	-7.51841
0.698694	-1.50441
3.42128	6.85053
0.130149	-6.05845
-13.223	-13.6921
-16.933	-12.2652
-14.5339	-12.825
-12.2944	-12.3217
-12.8699	-8.52695
-6.70322	-15.4485
-5.56814	-8.2907
-6.91255	-1.08054
-10.1177	-5.92174
-14.7931	-0.660534
-14.497	-4.23794
-17.5507	-5.69514
-12.1385	-7.13117
-15.8969	-9.9256
-16.6234	-9.88149
-7.56601	-14.4339
3.7642	-18.7474
1.52889	-28.3106
-2.27618	-28.0968
-2.47384	-27.6076
-3.56664	-28.4394
-1.77623	-30.6079
1.76174	-31.8329
3.29844	-33.685
5.80247	-31.124
8.49332	-24.1357
2.7448	-13.8235
4.59263	-9.55791
4.75431	-12.8561
0.935254	-6.97279
3.25151	-7.7411
4.65737	-14.3214
6.67768	-11.2613
9.05797	-14.7258
3.54213	-12.4636
3.70751	-21.5011
7.85344	-27.0046
4.75326	-21.8617
4.5915	-20.2217
1.97038	-18.3036
0.838549	-18.0645
-0.0725564	-17.7155
-2.30717	-17.6931
-7.53126	-11.164
-2.14238	-8.98733
-8.77707	-5.94958
-6.84855	-11.729
-8.99354	-5.92155
-3.88386	-3.52757
-3.18816	-9.06236
-1.39417	-9.56007
-5.79678	-13.234
-7.2828	-13.2211
-6.14054	-7.58482
2.75116	-4.99322
1.37898	-9.62793
5.5219	-6.84142
-2.20929	-0.960938
-8.14364	-8.26365
-8.75492	-7.80534
-10.9314	-2.24164
-4.78847	-4.32303
-13.6755	2.21941
-13.6393	-0.759056
-13.2888	1.39439
-14.0618	-3.23344
-13.7891	-1.86115
-18.4021	-4.15706
-15.5334	-4.27618
-17.0919	-2.29075
-17.4472	0.112097
-11.7727	-1.72949
-15.3409	-1.34786
-11.7148	-5.05624
-2.1927	-1.3992
-5.89485	-3.84405
1.33029	0.29526
3.65622	-3.74236
3.21557	-3.33246
0.446731	-4.86592
3.42261	1.30563
3.985	-12.4915
4.63427	-9.06917
0.330269	-10.4751
-0.868838	0.800023
2.16764	-1.75323
2.44467	-3.53369
0.864614	-4.50771
5.42067	-0.525352
2.33418	-2.56014
1.01093	-1.10956
2.8331	-2.97996
4.65346	-2.16536
2.86114	-4.06128
6.06684	-4.46185
8.27176	3.7244
-1.18053	-3.30024
3.10326	-1.72637
-1.86887	-3.17605
1.9247	-6.00527
5.10497	-5.25296
-4.48045	-14.835
5.66196	-3.55954
2.38231	-2.74374
-13.6776	-15.525
-3.31361	-10.8745
-11.4827	-20.8674
-11.0785	-23.715
-6.47719	-18.9889
-4.18012	-15.362
4.45381	-5.15666
-14.1232	-15.841
-14.5148	-20.0517
-11.5521	-25.1407
-14.6414	-20.1305
-9.06634	-26.4799
-10.3971	-22.7838
-9.27842	-21.9495
-5.84373	-21.8708
-3.05611	-22.6658
-7.44677	-11.1093
7.4598	-13.8297
4.77909	-5.78563
3.9257	-8.11161
2.99652	-15.0239
6.38386	-9.9245
0.54533	-8.41583
-8.08692	-15.8392
-10.1197	-14.0673
-6.11132	-14.709
-5.01002	-29.2349
-5.22502	-31.0816
-6.86721	-30.6693
-6.49162	-33.5795
-5.40323	-30.9876
-1.9072	-31.6256
-2.54812	-31.2696
-2.36819	-33.2912
-4.62926	-33.892
-5.56657	-32.2157
-10.0071	-27.9252
-16.11	-23.2147
-16.8647	-16.148
-6.56516	-18.4743
-0.850801	-19.478
-2.38251	-21.3066
-5.33232	-22.4423
-3.1737	-22.7914
-5.09734	-21.849
-6.53132	-21.2536
-9.01889	-31.7752
-6.52298	-32.4914
-4.08106	-29.3242
0.935291	-25.7893
1.70625	-21.3714
0.0772652	-24.3406
-4.20841	-22.974
-5.90223	-22.5682
-7.48477	-18.252
-10.9674	-15.5787
-10.0283	-20.8142
-5.09272	-27.9003
-0.780572	-19.0104
-3.06082	-6.9593
-1.36482	-9.13613
-4.58243	-14.4423
-9.70537	-10.7121
-6.82026	-5.84809
-9.44288	-14.5288
-8.71685	-20.8512
-4.8838	-16.9874
1.31837	-13.3938
-2.318	-14.1636
-7.87914	-13.9697
-9.79683	-11.4965
-6.39376	-15.5137
-5.37113	-18.1655
-3.17962	-18.4329
-3.27491	-14.8586
2.20531	-10.4025
-0.470566	-12.9207
4.34264	-20.0004
3.23105	-19.5982
2.69966	-22.1143
6.53416	-25.3999
7.80294	-27.4446
7.53276	-25.0259
7.26805	-24.477
11.2074	-24.0593
12.4667	-24.3778
10.8214	-24.8187
5.53813	-18.4761
0.560954	-23.9453
0.831229	-29.1672
0.238827	-30.5435
-1.99938	-28.2442
-2.72867	-26.7682
1.2395	-19.5664
0.828161	-20.2034
2.67093	-22.3315
-0.0842705	-16.0996
0.272363	-13.1246
-1.73691	-13.1582
2.01209	-9.94906
-6.91598	-8.11523
-4.36267	-3.9559
-5.78341	1.76232
-3.93239	-5.58614
0.0497315	3.8082
0.607436	-2.90599
8.26475	-1.18141
-0.271942	-19.7008
-3.73151	-10.4304
-8.20781	-11.346
-9.62015	-11.7817
-8.25525	-14.3608
-8.53732	-14.8629
-7.08401	-17.9918
-9.26407	-18.7785
-9.81329	-19.2708
-9.11234	-18.8479
-8.0571	-18.6464
-6.72114	-19.3117
-5.31798	-19.2652
-6.12214	-18.6217
-5.60772	-19.3405
-2.87564	-21.3827
-1.49574	-19.7332
-6.89257	-11.3626
-11.1747	-9.82586
-10.2656	-7.62871
-5.87997	4.65904
-9.36194	3.31868
-15.0146	-1.78392
-16.5197	0.600608
-6.51386	-4.44361
-3.61871	-1.3886
-0.671056	-10.7333
-2.72439	-7.47458
-3.02391	0.777893
3.1508	1.37355
-6.37799	-7.80345
-9.51858	-1.91539
-3.61292	-6.42398
-5.73357	-8.58893
-2.58931	-12.6855
8.71042	-15.6854
9.7465	-16.8368
9.02892	-16.9985
9.10787	-14.9139
10.3652	-13.9771
9.21076	-14.0246
4.48589	-11.6466
2.7836	-10.8431
4.89095	-10.4335
6.54112	-13.5949
9.5948	0.576279
3.54886	-5.98207
-1.95412	-9.77975
-6.10996	-14.1219
-10.2255	-18.2345
-5.73892	-14.8731
7.51971	-17.2126
-3.34498	-21.3236
-0.797101	-16.2249
-1.93353	-16.6849
-3.76628	-20.02
-4.56923	-20.4516
-2.00627	-22.2614
-0.413462	-21.9517
0.351326	-22.4411
0.57522	-24.7087
-0.285146	-22.9741
0.500875	-22.3578
1.14653	-24.5427
0.364806	-22.4411
2.49423	-20.8931
6.69683	-13.5983
3.74494	-14.4097
2.82395	-12.8936
5.95514	-15.6155
2.84393	-13.067
5.96437	-13.2039
5.42889	-16.9549
1.3997	-13.6458
-4.75277	-18.4297
-10.8537	-13.32
-12.3092	-12.097
-7.96071	-17.0123
-8.20452	-10.6472
-11.1162	-14.0382
-8.21814	-17.0804
-4.0048	-12.7077
-4.0713	-14.4206
-5.67272	-8.4693
-6.96449	-10.3284
-11.9826	-15.5582
-11.2296	-14.2209
-16.9966	-9.79521
-13.2613	-7.22454
-7.54499	-10.3882
-9.2276	-14.7441
-5.50277	-12.2591
-1.84413	-7.40289
-8.84986	-18.3641
-9.82679	-18.5398
-12.5569	-9.07214
-8.95631	-10.8183
-2.98082	-8.71203
-5.29817	-5.31677
1.46577	-4.40096
-3.85029	-9.19378
1.62034	-7.62225
-9.44323	-7.55736
-1.40064	-10.8346
-3.04219	-9.84861
4.17425	-4.87646
2.59943	-6.81017
0.650692	-5.98663
1.53098	-6.47519
-0.277021	-16.2018
4.24889	-4.02239
3.51712	-5.82842
-1.67476	-4.63299
2.78877	-5.65371
-3.11219	-6.09254
0.0581223	-6.46403
2.56435	-3.77583
-0.694186	-2.67864
5.15484	-3.82319
3.56182	-2.39683
5.83409	0.0776855
2.47584	-0.566056
-4.91066	-3.74775
-4.39087	-8.79562
-9.98411	-9.24515
-4.78082	-1.71149
-8.1438	-2.32368
-12.9458	-7.45438
-11.1497	-11.8537
-5.08232	-13.9159
0.809013	-22.5226
2.5893	-27.4409
3.42284	-31.3882
2.46667	-30.7534
3.35252	-31.1132
4.55963	-28.857
2.95582	-24.7362
0.801338	-16.725
-1.78849	-12.2866
-2.53593	-6.34702
-3.90318	-2.34208
-11.183	-9.0727
-9.77861	-8.10892
-11.2132	-15.0558
-14.5257	-9.61926
-5.98639	-7.29318
-3.6111	-15.5953
-7.71206	-10.1015
6.93777	-12.2883
-2.13573	-21.3994
-1.77391	-19.7944
-1.70284	-16.3611
-1.12869	-14.8106
-3.40924	-11.6115
-3.33669	-11.8391
-3.32491	-10.2258
-2.88408	-8.78786
-0.866001	-10.5335
-0.450453	-12.4608
0.09824	-13.9686
0.773661	-16.1382
1.97707	-16.9737
0.584331	-20.2172
0.110141	-22.557
-1.17618	-23.3988
-0.816588	-23.0374
2.17296	-22.8259
1.35425	-19.3527
-0.0196673	-19.3935
-4.06001	-19.9
-0.559578	-18.9391
-3.0274	-22.3297
-2.96959	-18.9966
-4.41321	-12.8267
-3.00761	-17.1259
0.976455	-24.686
6.20216	-15.6479
-13.612	-7.1098
-8.39908	-0.514903
-9.80313	-1.89022
-13.1563	-3.72883
-18.6892	-5.34194
-14.821	1.16982
-16.1137	-9.27648
-13.2394	-10.2175
-5.07819	0.292405
-2.5934	-8.146
-3.99323	-27.7171
-3.42203	-15.8859
2.28243	-4.59276
-3.23975	-6.39666
2.47703	-3.37756
2.25359	-4.41689
7.02432	-12.6456
3.16635	-4.69535
2.96638	-3.41032
-3.11813	-7.2231
5.18463	-10.0088
5.33407	-11.8923
-6.81077	-11.2705
-9.69274	-18.9751
-7.70344	-22.5373
-8.30397	-21.22
-7.36047	-21.7499
-2.68856	-19.227
5.46464	-18.3313
4.04532	-17.323
5.61485	-15.4695
5.32255	-13.8689
5.71886	-15.8181
5.51171	-14.5885
8.39011	-13.2567
8.72872	-14.3458
8.83119	-14.6872
11.273	-17.8803
8.22718	-15.8831
10.9322	-18.2401
12.8299	-20.9899
11.8271	-20.6266
3.98328	-14.4033
-0.449549	-19.5403
-0.924976	-22.1606
-1.27868	-23.2351
-2.7489	-23.4814
-2.77269	-24.6906
-3.61252	-25.6618
-3.97737	-26.6112
-3.27623	-27.4565
-3.40825	-26.5817
-3.82472	-26.6919
-3.12578	-27.8269
-2.04645	-27.0213
0.347212	-27.0642
-2.04323	-21.8309
-5.75986	-18.2574
-4.22421	-24.4729
-1.6632	-17.1509
2.01407	-4.86004
-7.96783	-7.91978
-11.3516	-11.9271
-1.05979	-8.54282
-9.82278	-4.89109
-2.61413	-4.41358
-7.67039	-5.01602
-11.8272	-7.44365
-10.0308	-3.8292
-6.60409	-6.8485
-9.04649	-7.28106
-12.3191	-15.2378
1.4255	-10.0927
4.81201	-14.9658
-2.10106	-12.5428
0.911074	-10.3331
-1.25239	-7.71102
-2.76695	-7.70168
-1.63684	-5.67789
-1.07955	-3.42203
3.63795	-3.09619
1.1948	-13.6226
4.9382	-29.1685
8.36386	-7.63854
10.574	-8.72754
-0.678694	-21.2016
1.8567	-25.4504
0.359084	-16.788
-6.86646	-8.92651
-10.1716	-8.52804
-10.5016	-13.2849
-7.20607	-15.8175
-6.47375	-14.7453
-10.2687	-10.4547
-12.5054	-7.01485
-16.3607	-6.64183
-13.8205	-4.1109
-11.311	-6.24283
-4.58242	-12.3216
-1.71086	-20.5914
-0.704594	-27.0297
-1.9408	-28.4279
-2.03512	-29.6902
0.963797	-27.1541
6.33123	-19.3058
5.24093	-16.4158
3.32739	-13.9543
2.45441	-7.56858
5.1988	-14.122
6.48461	-9.02527
6.37364	-12.0174
4.43669	-7.39202
6.0576	-10.5992
2.27062	-7.46667
4.36621	-8.55936
-1.7829	-12.9196
-4.12744	-15.8366
0.891337	-23.6612
-0.779429	-28.3241
-1.55799	-31.0297
-2.60354	-29.445
-4.70402	-28.4133
-4.41102	-27.7994
-3.07525	-27.2784
-2.85046	-26.3887
-4.46937	-24.2763
-4.27101	-24.6151
-4.94962	-23.562
-3.9006	-25.3957
-4.43725	-24.6568
-5.46351	-26.7105
-5.37477	-29.0752
-4.65399	-28.0517
-4.29469	-25.48
-5.04964	-23.0837
-4.39851	-18.9614
-3.81806	-17.3588
-1.25955	-17.7835
-6.32212	-13.0637
-3.50661	-11.9333
-1.69115	-12.9499
2.88636	-10.3024
-0.0118186	-10.5473
1.41875	-9.43515
4.60942	-4.81942
-4.84217	-10.4525
-6.40861	-9.39418
-5.8904	-17.1858
-2.57735	-7.68258
-1.74754	-4.15439
-2.86994	-9.35713
-6.42055	-4.52932
-3.20418	-7.50967
-6.41241	-7.58077
-9.23348	-7.09312
-9.75621	-12.6492
-12.2775	-18.2123
-5.63716	-3.78501
-4.61093	-4.99069
-5.95445	-0.217245
-2.83299	6.707
-4.04803	4.33179
-2.16274	-3.23264
-0.755827	-3.2588
-0.0869905	-3.60527
2.83913	-3.75019
0.49015	-2.86369
-1.87758	-6.97804
-0.559443	-6.61638
1.17653	-5.71266
0.548709	-9.64455
7.64776	-8.9177
3.73305	-12.9932
0.13775	-10.0327
-1.09536	-17.1722
-1.8002	-10.9994
-1.65286	-19.6342
-6.04493	-22.8134
0.145393	-19.1192
1.8881	-21.9575
0.396225	-27.6656
0.189288	-30.5919
-2.44385	-29.3025
-1.81867	-30.1281
-2.28711	-29.314
-3.39529	-30.0507
-4.58132	-32.2956
-7.42632	-32.1935
-8.43659	-29.5077
-8.61072	-28.4261
-8.0573	-29.6933
-7.42063	-30.0686
-5.1345	-29.6622
-2.95674	-28.8496
-1.89547	-29.2643
-2.67047	-26.8776
-1.15011	-24.1828
-0.378762	-24.8046
-3.17597	-22.534
-2.01844	-23.5193
-3.21646	-23.1672
-4.32037	-22.6785
-4.45322	-27.1975
-3.12097	-23.0144
-1.85569	-25.4214
0.905722	-25.5909
0.598709	-23.1903
0.0519739	-17.4981
0.804675	-15.5601
-0.324166	-16.7118
-1.03244	-18.404
-1.73372	-16.9699
-1.45457	-15.8404
-1.53902	-14.4908
-1.77447	-14.2744
-0.0242795	-14.9153
0.992102	-15.7257
7.23154	-21.0532
2.00145	-23.714
-0.593092	-17.2269
-1.06335	-19.0862
-3.48682	-17.993
-3.54446	-13.5474
3.03731	-13.9981
0.469669	-6.0362
-10.019	-7.50901
-5.30791	2.1529
-7.95217	-3.92093
-8.57174	-10.6451
-10.1849	-10.0036
-9.17928	-6.74415
-11.7866	-8.69156
1.66158	-9.39366
2.5501	-9.8485
-1.81438	-13.3294
-6.32956	-12.6751
-7.99032	-9.48115
-7.21926	-11.5875
-7.69892	-11.7533
-7.81023	-10.3305
-8.92462	-10.3068
-9.02626	-10.5285
-10.6525	-10.8282
-12.1449	-10.8764
-9.32354	-12.2204
-1.31383	-2.81814
1.99848	-4.01035
-0.336237	-1.69046
-6.17502	-4.47164
-9.24634	-13.2997
-7.15506	-8.76561
-1.55897	-7.13645
-11.1122	-10.1267
-13.5882	-7.79142
-11.5049	-12.448
-10.5623	-13.8178
-11.4455	-12.8294
-9.9444	-14.814
-8.24473	-17.1176
-4.84167	-15.9607
2.15624	-8.69428
-1.04476	-11.8475
-1.22069	-8.77279
0.679398	-11.4915
-6.53234	-5.21323
-0.829701	0.168467
-4.7648	8.1774
-7.32818	4.39209
-8.0963	4.74242
-8.81059	-5.04124
-4.11844	-7.61895
-1.37425	-12.1771
-2.42062	-14.2227
-4.66495	-14.0187
-6.47867	-15.0815
-3.47101	-20.6334
2.68573	-24.2721
4.23489	-19.5813
1.78567	-20.5211
-0.398217	-20.0866
-3.24569	-16.2158
-6.8341	-10.6652
-8.50372	-6.4957
-4.87229	-8.99227
-7.05725	-6.86198
-6.00937	-8.64973
-4.72447	-10.0413
3.78001	-23.3989
3.82495	-24.0785
2.29989	-23.4898
4.01456	-22.7207
-2.06674	-20.3381
-0.14292	-13.4411
2.29695	-12.0941
3.87599	-8.36192
-6.48696	-6.86395
-10.7089	-17.8421
-8.49286	-15.1476
-0.798061	-5.41431
-7.43829	-8.5573
-10.2709	-12.0638
-11.8633	-11.7544
-11.9855	-12.1732
-12.3757	-11.6731
-11.9734	-9.37403
-4.77547	0.408436
5.1916	-10.0919
3.76665	-6.33975
1.73441	-9.03468
-4.40767	-20.2959
-6.35708	-11.995
-7.30021	-16.0881
-3.7551	-15.5107
2.99351	4.3675
-10.7558	-11.8828
-10.7739	-9.0692
-10.3968	-8.78107
-11.6073	-7.83364
-11.2552	-10.0719
-7.82465	-13.821
-6.29905	-14.5622
-5.75133	-14.9089
-4.46724	-15.3701
-1.2665	-15.2241
-1.9219	-15.3617
2.22817	-15.8725
2.79595	-13.2974
2.30995	-11.9094
3.8059	-11.6625
3.5188	-9.69274
4.37824	-4.39843
-1.5302	-7.81841
-11.5968	-24.4962
-1.7319	-24.5841
0.25597	-25.7411
0.119731	-22.4565
-3.67923	-24.964
-2.71166	-27.3646
-1.64124	-26.8167
-1.19814	-29.1102
-4.22222	-23.4339
-3.08155	-23.8012
-3.94664	-25.8901
-2.88684	-28.9466
-2.89954	-29.8041
-3.70068	-29.6215
-5.80762	-26.683
-4.11109	-27.2228
-6.22767	-29.0992
-3.78744	-22.3817
-5.70742	-12.6943
-2.00786	-11.5979
-1.48985	-5.28104
1.25344	-4.221
0.409501	-1.51629
-0.535294	2.58749
-2.61016	7.24918
3.23686	7.5847
1.02985	2.46593
-1.0614	4.30581
-7.20056	1.97858
-2.50536	0.00999696
-4.96542	-3.261
-0.276153	-4.12791
0.737155	-1.3953
3.88934	-9.87542
0.84847	-2.43637
5.0115	-0.899559
-0.635529	-3.28357
-2.30521	-7.99592
-3.66874	-8.45438
3.11511	-1.99493
2.25734	-5.66853
-0.759509	-6.10292
-0.610477	-7.17645
3.82342	-10.7207
3.26244	-5.46455
-1.39925	-6.96155
0.630142	-4.67235
2.46749	-6.52571
-6.65424	-3.53519
0.298965	-4.89296
-0.798118	-2.23008
3.12054	-3.9331
0.037891	-7.83573
3.54245	-5.66987
0.549747	-5.42467
-0.0430513	-3.98045
-7.9692	-15.828
-6.2139	-14.2072
-3.48829	-19.2641
-0.836024	-19.8094
-7.25886	-16.2504
-8.31005	-15.5874
-6.06327	-16.8676
-8.84751	-15.423
-10.1886	-12.6563
-10.5989	-12.21
-9.31802	-14.1841
-9.5157	-13.521
-6.4868	-12.4138
-6.9846	-13.4517
-4.13687	-1.47025
-16.8394	-3.87101
-10.8608	0.467375
-12.9657	-8.08828
-13.2729	-8.20185
-10.8027	-11.5288
-9.68215	-10.3731
-6.36841	-8.07942
-8.72786	-11.5566
-10.4274	-12.2056
-11.5315	-14.0889
-8.50846	-16.776
-5.76472	-18.4933
-3.08758	-16.6199
-4.63014	-9.56025
-5.25563	-10.8134
-6.61551	-11.8251
-8.82566	-10.2931
-10.175	-9.82628
-8.95856	-8.5255
2.27013	-9.76872
-0.525142	-14.5253
-2.36334	-10.6245
-1.30986	-16.4847
-3.4669	-14.3445
1.22593	-9.95302
1.93067	-15.6126
-3.48992	-8.85786
-5.98958	-10.7586
-5.74514	-11.5677
-4.83141	-11.7727
-2.61191	-13.2416
-2.67743	-12.8675
-0.102956	-14.3166
-2.14187	-12.6286
-3.757	-11.1069
-7.93534	-8.18728
-4.23504	-9.32293
-4.65932	-8.32085
-5.21267	-9.31759
-5.13198	-10.1653
0.127549	-17.9883
-3.42484	-14.8333
-3.82627	-14.6751
-3.56683	-13.8244
-2.66263	-13.7533
-4.7053	-9.7289
-6.49902	-4.45833
-0.0225172	-4.99329
-7.03789	0.374319
-3.99504	-2.78014
-5.21659	-3.11559
-4.94673	-5.5067
-4.66991	-10.3408
2.98137	0.591088
-4.88512	-11.8092
-8.60017	-5.86225
-11.5133	-9.88469
-10.7859	-11.9362
-5.85959	-14.4727
-2.11982	-10.563
-6.83886	-4.81243
-7.07482	-2.99967
-8.97481	-5.98086
-8.56356	-0.751921
3.59824	-5.55182
3.40496	-6.55282
2.93904	-13.3795
2.75909	-9.80645
-1.36775	-5.35543
1.52214	-13.0011
0.234166	-12.5958
-11.7864	-15.326
1.10083	-21.4985
-2.00296	-18.5663
0.255164	-24.6229
-2.18925	-25.2634
-0.937585	-28.1965
-1.48283	-28.7906
-0.272692	-30.2151
-0.169336	-31.8466
-1.01826	-29.9517
2.27632	-27.175
1.29754	-21.1466
8.70598	-10.148
5.87118	-19.1437
-1.46504	-21.5015
-6.34668	-17.6316
-3.84869	-11.224
-5.85039	-7.66462
-5.13351	-6.59961
-4.37884	-11.2503
-6.03479	-6.42847
0.0524978	-21.3728
-6.41268	-17.5316
-7.75412	-16.7715
-9.48417	-15.6718
-7.65381	-16.3459
-7.80943	-16.6942
-9.24919	-14.1605
-9.32385	-13.5568
-9.6409	-11.2004
-9.82681	-10.386
-0.118846	-5.12423
6.50618	-6.97144
-2.36116	-13.0149
-3.79142	-11.0485
-4.14295	-10.6033
-6.8935	-8.57464
-7.17945	-15.0054
-7.33156	-16.1298
-1.62649	-13.0227
-5.00526	-12.3352
4.12616	-25.0924
12.8753	-23.2141
3.9045	-21.4529
9.0465	-23.3258
1.84832	-24.9806
-0.246039	-24.1938
-2.99914	-21.8916
0.336416	-25.514
0.298722	-26.3686
1.79298	-26.0954
3.72128	-26.2708
3.67796	-26.2348
5.08165	-26.5168
3.92971	-22.334
6.13337	-19.1095
8.63621	-15.552
8.46406	-17.2502
5.10599	-15.6129
5.39349	-14.6735
5.12232	-14.5129
4.5825	-13.5597
4.98816	-16.4451
1.36726	-20.992
-5.81977	-22.1566
-7.78158	-20.7087
-9.48775	-19.6853
-14.2648	-14.7149
-8.16631	-18.8268
-8.35393	-21.9383
-6.06848	-21.2481
-5.82771	-19.5075
-2.06678	-17.4438
5.00204	-10.8309
-3.47478	-5.77389
-3.11329	-1.80108
-12.3853	-4.99148
-11.4399	-5.30121
-9.66843	-0.0502723
-15.423	-2.40841
-19.5939	-4.20286
-10.2537	-5.78024
-12.9111	1.10159
-12.7442	-0.711963
-15.988	-2.94517
-10.3651	-6.97993
-8.10497	-8.1651
-8.5808	-12.1647
-11.8789	-3.12171
-10.7092	-2.6692
-10.1632	-8.17
-6.37428	-2.9911
-6.86648	-6.81028
-5.78781	-2.31922
-3.63933	-1.78626
-0.459962	-6.00834
2.64951	-3.94011
-5.06157	-7.87548
-0.241893	-7.59412
-0.289062	-8.68041
4.66698	0.850483
-4.98083	-15.5074
-1.54907	-15.9027
1.81577	-15.71
5.35082	-14.57
6.23899	-19.3846
7.63666	-21.1207
7.92329	-21.1901
4.52803	-19.1641
1.1141	-16.3865
-1.7014	-11.3051
-1.65562	-13.0262
0.500398	-2.65607
2.24593	-2.96382
-6.27218	-13.1994
-12.7174	-7.92092
-14.0312	-4.71984
-9.3927	-8.82618
-6.28439	-11.8499
-6.34933	-13.2365
-9.64549	-12.1998
-5.05236	-17.1836
-5.92876	-17.2305
-5.3155	-14.2417
-2.31299	-13.7754
2.59173	-16.2852
8.21707	-21.3848
8.69887	-20.624
7.44864	-20.3598
8.01595	-18.8668
1.51802	-16.4949
-3.23506	-16.1966
-8.8836	-9.92654
-8.28625	-10.9636
-11.204	-10.604
-12.6753	-11.3312
-14.2664	-10.0719
-16.1209	-11.2027
-18.7064	-11.0139
-20.1847	-11.4939
-21.1684	-11.4289
-20.9094	-10.44
-20.3337	-10.3792
-20.8724	-8.38752
-19.8979	-9.02766
-16.5904	-8.80508
-15.8883	-6.20882
-13.7335	-6.95753
-14.3383	-5.93943
-13.5347	-8.90868
-14.0364	-8.90957
-14.9979	-8.40784
-14.4809	-6.14839
-12.2951	-5.85096
-11.7065	-5.70792
-9.86247	-5.15101
-8.87456	-6.12205
-9.04513	-6.08488
-2.27716	-12.7091
4.19335	-13.7321
6.75266	-19.6472
7.99928	-18.1653
6.85002	-23.1095
5.72423	-22.4241
4.60493	-20.7111
2.9876	-20.8368
2.78441	-22.0514
1.2888	-19.9911
2.39766	-16.3811
5.5065	-9.37663
2.13016	-8.77413
-4.05962	-9.51468
-1.63838	-17.3771
-8.05268	-14.5739
-10.0902	-5.11997
-8.57195	-11.927
-11.7778	-13.9378
-9.46898	-10.8152
-7.32662	-17.3803
-6.22769	-17.592
-8.05648	-14.9461
-5.36183	-13.8243
-2.98345	-13.8073
-4.51178	-12.3483
-0.487147	-12.4785
7.59451	-23.1447
7.44847	-20.1797
9.37578	-20.1096
9.77078	-18.4751
6.855	-16.456
-4.63658	-7.17908
0.182758	-11.8088
2.37424	-16.7031
-0.47255	-18.1409
-1.10165	-19.6511
0.94071	-22.4606
0.903958	-20.9181
-0.455532	-18.7948
1.07508	-9.33911
3.3084	-8.68154
2.72244	-6.83058
-0.139615	-17.3526
-3.18045	-25.6906
1.60968	-11.2716
2.8988	-30.0567
-1.23721	-31.5189
-1.65959	-26.9645
4.39979	-31.9472
8.38468	-28.2254
6.94301	-19.1311
4.19715	-15.1927
6.44647	-8.48364
8.34686	-12.0208
3.88036	-7.13536
2.49701	-6.0198
-0.41357	-6.52389
2.90463	-13.8599
5.79335	-11.3085
2.12277	-6.13266
4.61741	-4.46498
-2.43817	0.330703
-9.5612	0.108013
-4.92643	-3.22787
-2.2264	-9.65896
7.56907	-12.1199
1.49783	-29.1797
4.03525	-31.6264
1.67559	-28.3026
-0.983715	-22.7771
-10.3198	-18.2924
-11.0058	-16.3144
-7.98535	-15.2797
-13.8286	-9.92836
-6.25695	-12.6765
-13.5999	-11.7941
-12.7848	-12.5234
-14.7923	-6.63293
-10.2138	-10.6879
-7.85239	-9.37061
-2.48719	-7.44364
0.548171	-5.24667
-0.481037	-7.23681
-6.35918	-12.1612
-2.94308	-7.63429
-1.29118	-14.8309
0.520152	-5.57439
1.43453	-6.3173
2.4051	-2.22136
-0.0182216	-5.67148
2.68736	2.57362
-12.1396	-5.35519
-8.02815	-2.41904
-8.60656	-2.07646
-4.3922	0.21545
-6.70378	-9.40845
0.520669	-10.1278
0.818432	-8.83236
0.767031	-3.33781
1.86024	-7.26135
1.86161	-3.7878
-0.844934	-1.3832
-4.38021	-8.06361
4.78595	-6.51736
3.5128	-6.90008
1.4552	-3.72411
-1.40122	-6.86257
2.08471	-6.57844
1.73655	-4.68047
2.85643	3.67391
4.39099	-6.05569
4.1685	-8.58005
-1.42647	-6.5505
1.38513	-1.38629
-1.04602	-10.1297
4.60167	-0.975282
-3.0301	-22.47
-0.235425	-26.1074
1.44224	-27.3313
0.446117	-22.9136
-1.51736	-20.0837
-3.62678	-18.3403
-7.50002	-14.8431
-9.51363	-13.1296
-11.5747	-11.3235
-14.664	-10.8561
-16.5755	-10.2142
-17.224	-10.6669
-14.7981	-11.8203
-16.3881	-7.21747
-13.8216	-6.95454
-13.2539	-4.17609
-9.5985	-4.98402
-9.12825	-5.18941
-7.74497	-3.07327
-7.59193	-3.91347
-3.8571	-5.08002
-1.90472	-10.3386
0.89212	-15.2311
2.47572	-22.8115
1.22706	-28.6334
-1.06472	-31.4125
-2.47352	-33.5438
-4.14894	-31.6523
-4.57171	-31.4929
-4.60477	-31.2715
-3.51243	-31.7965
-1.25566	-31.425
1.24461	-29.8939
5.44453	-30.8589
8.93962	-29.0166
8.73192	-23.0134
6.12842	-20.2018
0.528049	-15.0639
1.3563	-18.3844
2.52805	-21.7323
2.82617	-26.2429
-1.95478	-23.7469
1.01671	-23.4033
4.81238	-27.4543
3.52568	-24.4724
0.352352	-15.9252
-3.13912	-13.7012
-3.34814	-13.571
-4.38905	-12.8753
-4.32256	-14.0533
-4.96442	-13.6716
-4.82939	-14.9833
-5.7054	-14.2487
-5.20971	-16.3573
-6.27961	-17.578
-6.80924	-16.9066
-7.83031	-13.9716
-10.3794	-12.9767
-8.65429	-13.6961
-3.56482	-15.5672
-5.1701	-1.28577
-9.54177	-0.450463
-16.703	-3.35379
-12.7494	-7.94987
-12.046	-9.61001
-13.5028	-5.30841
-12.5829	-6.89657
-8.37086	-14.0353
-9.23355	-13.5173
-6.20252	-10.7795
-3.81459	-8.09735
-2.77517	-12.5307
0.249625	-16.5955
2.63272	-20.4965
3.71589	-20.8917
1.81796	-19.3748
2.81523	-18.8471
4.03238	-17.1698
5.92737	-15.365
0.660566	-16.0933
5.29464	-7.40726
2.90969	-6.23031
4.99079	-8.52884
-2.72011	-7.0436
4.47384	-2.94598
-7.0246	-11.9188
-16.9002	-3.80283
-16.0295	-4.89423
-15.3096	-6.00797
-13.6377	-7.57175
-11.7588	-9.02708
-12.8353	-4.42557
-9.9405	-2.48132
-12.1335	-3.3423
-13.0063	-0.471774
-13.6966	-3.57164
-8.57703	-7.65105
-2.20123	-9.46268
3.32118	-5.24489
2.52838	-4.44978
-3.36623	-16.7007
-2.61594	-17.8467
-6.31971	-14.1008
-2.5998	-18.6983
-0.983281	-13.8856
4.48941	-12.2384
6.99252	-9.52491
4.2052	-7.02655
4.17874	-7.7011
-1.69393	-7.51463
-1.32818	-7.68632
1.29962	-6.40951
-5.297	-9.27777
-6.9843	-20.4229
6.23291	-14.6167
0.939808	-19.516
-1.95598	-30.6605
1.09781	-33.0878
-0.687011	-27.9721
2.20479	-25.4742
6.62023	-20.5288
7.0594	-22.5564
3.4676	-21.5185
2.49262	-24.361
2.81815	-25.1093
3.29315	-22.6674
1.51669	-18.1041
1.00622	-15.8127
-4.48093	-10.3479
-7.63707	-11.0834
-7.35599	-8.4246
-2.77983	-11.752
-9.11755	1.4506
2.48461	-7.66995
-3.92389	-6.24266
-1.67307	-4.47397
-2.03736	-3.3122
3.83013	-4.34869
-0.577383	-6.97388
-0.970963	-16.6213
-2.33123	-17.091
-2.50594	-16.1961
-4.6481	-12.6013
-6.50775	-9.82369
-8.40512	-6.37941
-10.2046	-4.15301
-12.2353	-3.6642
-10.4945	-7.84381
-9.12359	-11.6968
-1.61541	-9.9989
-0.336388	1.90365
-1.37973	0.725731
-9.82874	1.73403
-10.3985	5.73969
-5.85837	-3.12915
-16.355	-11.9797
-4.57233	-3.94426
-4.0101	-14.4187
-5.53344	-15.6282
5.27924	-11.8398
11.2397	-6.41892
-4.89861	-12.0284
-4.1276	-15.4144
-4.89174	-16.0387
-4.65837	-13.3554
-5.70629	-10.355
-2.59704	-9.0377
0.367221	-11.8627
6.46358	-14.2753
5.38262	-14.0512
5.81923	-16.1703
4.83501	-17.3318
3.5262	-16.1604
0.104049	-13.7155
-1.04905	-11.8117
-2.843	-7.96011
-3.71856	-5.53163
-3.6156	-5.53473
-3.38399	-3.38658
-4.69495	-1.60233
-6.03103	-1.38685
-4.68559	-3.85754
-8.13228	-5.7275
-8.28462	-11.8303
-6.40363	-15.3636
-9.90715	-17.1778
-6.42076	-20.5679
-6.03548	-24.8575
-8.6936	-12.7857
-9.87956	-7.72312
-2.05677	-12.8199
-1.26634	-12.4686
-2.9849	-13.8415
4.44558	-9.70825
4.26243	-5.70912
4.02024	-6.92234
5.79483	-8.08895
2.14636	-4.57449
7.9891	-1.57781
9.21173	-3.25498
-4.01445	-19.7686
-8.62366	-17.3725
-8.43524	-25.4838
-11.683	-20.042
-8.86379	-20.4251
-6.94788	-19.1701
-3.93357	-15.6565
7.44623	-16.3911
8.41219	-16.5314
7.4708	-16.931
5.67592	-13.9861
4.59035	-15.8323
-2.03368	-12.4284
-3.70573	-12.0992
-4.19329	-12.888
-5.36618	-12.375
-7.50457	-11.6739
-8.90057	-11.4564
-2.49629	-17.6856
0.593378	-18.765
0.480916	-12.6153
0.272454	-4.109
1.56944	-5.46674
4.80455	-2.06805
2.4103	-6.30139
-2.27865	-11.3246
2.34099	-18.5571
-2.53558	-23.2628
-11.5062	-9.98415
-14.7055	-3.65462
-12.0054	-8.64428
-11.0658	-10.9257
-13.2211	-10.4745
-14.3573	-9.40721
-12.4665	-12.4859
-7.00708	-15.1997
-9.07394	-10.8057
-6.89058	-2.04775
-9.59496	-1.41127
-8.90969	2.62333
-5.90961	2.2564
-2.10924	-2.4364
-5.51098	-10.6424
-7.1879	-5.94205
-8.9454	-6.00467
-6.41623	-6.06419
2.10071	-2.47765
-0.650776	-5.67351
1.82151	-8.76644
3.21048	-4.26474
-3.31481	-12.8605
-11.6454	-7.81913
-11.7296	-10.8734
-12.2065	-9.50326
-11.0607	-11.9533
-10.2871	-13.1255
-7.04031	-17.1184
-3.68668	-12.1452
-5.73651	-14.0736
-3.77941	-17.5772
-5.2395	-17.5934
-2.76184	-9.55634
2.13796	-7.48301
-0.51047	-6.1434
2.70355	-11.3786
2.98043	-10.0606
1.0523	-2.624
1.09701	-10.7186
3.73604	-8.41754
2.94095	-6.08761
-4.4751	-14.453
-10.0698	-10.2285
-15.3625	-10.2567
-8.37862	-13.16
-5.04362	-14.1255
-5.89625	-8.41439
3.03789	-4.44413
7.55832	-6.72262
5.2888	-6.67676
-1.3406	-10.2467
-5.99459	-15.1323
-6.56835	-16.8964
-1.05194	-16.4537
4.89719	-16.9133
2.93268	-28.8358
3.42207	-33.8396
1.69261	-32.3976
3.41178	-34.1084
2.16545	-32.7153
3.68699	-32.7143
4.5334	-31.6075
6.80244	-30.0956
4.49959	-27.8041
1.93104	-22.5832
2.83962	-20.2869
1.76039	-18.1084
1.93129	-19.1361
1.2754	-7.65216
-0.382092	-7.17133
-1.96468	-15.6709
-5.82699	-8.77853
-9.19617	-3.94798
-5.04167	-6.44673
0.204659	-13.2994
-7.26129	-18.1461
-9.3846	-20.0525
-11.0041	-19.4437
-11.2488	-16.1934
-7.1476	-14.7314
-6.17829	-15.1749
-4.40357	-18.0703
-7.47126	-15.6585
-9.32621	-14.4344
-8.82558	-15.176
-7.98558	-12.4784
-6.02511	-12.7541
-5.55393	-15.1324
-4.23614	-19.9825
-5.32655	-25.1453
-7.90951	-27.2739
-10.0828	-25.1337
-9.10714	-19.9612
5.29896	-24.7171
5.4448	-22.9762
2.83943	-23.7704
3.56506	-24.1095
2.99217	-26.6139
4.33309	-17.8097
0.568601	-12.911
5.12764	-9.85233
0.834354	-15.1836
-9.70934	-13.0836
-4.05482	-16.061
0.563264	-14.4569
-2.56652	-22.6865
-6.62912	-16.9791
-7.03719	-15.0012
-5.11447	-16.2123
-2.16237	-20.7654
-1.10756	-21.9107
-3.13107	-14.6945
-1.03012	-20.9561
1.10677	-24.0346
-1.12207	-21.0992
-3.87537	-16.4892
-4.3244	-10.0807
-4.26815	-10.83
-4.23937	-10.4809
-5.24091	-11.8439
-8.43601	-12.5024
-9.8021	-12.8286
-9.46408	-13.9796
-9.68001	-14.1069
-8.65192	-11.2174
-7.62668	-10.1985
-3.72594	-12.6204
-1.3342	-15.4662
2.79914	-17.5137
7.34549	-19.1643
6.92965	-23.8778
6.58186	-25.7837
5.60883	-25.3163
3.67165	-22.7909
-6.53915	-17.5936
-11.4819	-15.529
-15.2347	-16.5473
-14.4624	-16.4757
-15.151	-17.6384
-14.4902	-20.211
-13.6974	-24.3287
-11.0723	-28.8863
-8.4401	-29.8028
-5.65934	-28.6209
-3.32589	-23.9958
-2.98436	-19.2877
-4.90964	-15.7395
-4.04871	-14.7153
-1.77695	-17.0541
-2.00065	-17.1281
-2.69352	-17.6883
-8.86076	-13.7989
-3.59512	-19.294
-6.95869	-14.5769
-9.97922	-12.4
-11.2494	-9.05017
-11.0193	-7.07171
-13.3392	-4.79336
-14.3163	-4.61703
-14.1145	-7.6992
-12.4699	-11.4787
-8.0472	-15.1038
-4.21389	-16.9134
-0.891764	-18.7507
2.9645	-18.847
6.63728	-17.5066
7.01683	-23.4879
5.68281	-24.1622
6.49554	-24.8642
6.24606	-22.6977
4.58337	-20.5203
-2.99325	-14.1806
-8.76116	-9.79591
-10.7141	-13.7255
-8.54198	-19.4359
-6.66586	-22.6406
-5.20091	-27.4773
-3.22787	-27.382
-2.0712	-25.5401
-0.878533	-24.15
0.0982619	-23.0085
-1.68445	-17.102
-6.27881	-9.68902
-3.24301	-12.3815
0.0284368	-7.53074
-7.45381	1.01189
-8.8732	0.436338
-7.84238	0.151905
-7.40999	-2.43672
-10.65	-2.04357
-10.7036	-13.5133
-6.29882	-7.6452
-2.22172	-5.18628
-3.15255	-4.69509
-2.35763	-4.66971
1.51517	-4.88545
1.52524	-10.3822
-7.792	-13.7217
-12.246	-10.9525
-9.34237	-11.3002
-5.60264	-9.51827
1.87849	-7.68363
-0.0750566	-12.434
3.44561	-17.4788
5.63634	-20.3326
8.26537	-27.1028
6.37031	-31.8456
2.6291	-29.1963
1.10342	-29.2233
-0.332649	-31.8781
-2.03384	-31.7834
-1.46042	-32.4902
0.742193	-34.3644
0.612354	-30.1222
0.196959	-30.7463
-1.48521	-27.8354
-3.50315	-26.0841
-1.51014	-20.0928
0.764726	-13.0433
1.35933	-20.8591
-1.58923	-20.8416
-1.78112	-17.1428
-3.89466	-15.7086
-0.802313	-17.0434
-8.85941	-16.1412
4.84621	-14.0636
0.889145	-12.445
1.26068	-12.9438
-3.91156	-24.0562
-8.29427	-23.4438
-1.67991	-29.0987
1.48242	-29.1558
6.37799	-16.5196
0.750353	-20.9442
0.720836	-18.7388
8.68612	-10.6897
5.48608	-11.4625
-2.30789	-8.90007
-3.32716	-13.3852
-0.448433	-19.4802
1.98457	-9.6333
2.69311	3.80482
-1.47293	-4.9353
4.45042	-5.91534
3.3802	-9.21428
-0.34112	-7.42304
-3.32163	0.588694
-1.97156	-0.799699
-0.255526	-5.71091
-4.23861	-0.431852
-2.07836	-4.04532
1.33887	0.126861
-2.12184	-7.14703
-5.03334	-10.6787
-2.27266	-0.778005
-0.473347	-7.23198
3.39394	0.0534269
-1.49115	-5.95108
-2.50839	-8.73485
3.44875	-2.35167
1.15634	-2.90666
1.52927	0.783822
